Case #1: 7 3 3 4 7 7 7 10
Case #2: 5 1 1 3 17 19
Case #3: 26 1 1 1 1 1 1 1 1 1 1 1 1 1 1 1 1 1 1 1 1 1 1 1 1 1 16
Case #4: 4 6 7 10 18
Case #5: 6 4 5 8 8 8 8
Case #6: 7 4 4 4 4 6 7 12
Case #7: 6 4 5 5 7 8 12
Case #8: 15 1 1 1 1 1 1 1 1 1 1 1 1 1 5 23
Case #9: -1
Case #10: 5 1 3 7 8 22
Case #11: 7 4 5 6 6 6 7 7
Case #12: 6 2 3 3 5 7 21
Case #13: 6 4 4 8 9 16 18
Case #14: 4 1 6 7 27
Case #15: 7 5 5 7 8 8 8 14
Case #16: -1
Case #17: 6 1 1 5 5 13 16
Case #18: 5 7 8 12 14 21
Case #19: 12 1 1 1 1 1 1 1 1 1 1 1 30
Case #20: -1
Case #21: 5 6 6 7 7 15
Case #22: 9 4 4 4 4 4 5 8 8 10
Case #23: 15 1 1 1 1 1 1 1 1 1 1 1 1 1 3 25
Case #24: 5 4 5 6 10 16
Case #25: 6 2 3 4 8 11 13
Case #26: 5 4 6 6 9 16
Case #27: -1
Case #28: 8 3 3 4 4 5 6 7 9
Case #29: -1
Case #30: 8 3 3 4 4 9 9 9 16
Case #31: 32 1 1 1 1 1 1 1 1 1 1 1 1 1 1 1 1 1 1 1 1 1 1 1 1 1 1 1 1 1 1 1 10
Case #32: -1
Case #33: 7 1 4 4 4 4 8 16
Case #34: 5 7 9 10 15 21
Case #35: 7 1 1 1 1 2 9 26
Case #36: 4 4 6 7 24
Case #37: 7 1 1 1 5 5 11 17
Case #38: 10 3 3 3 3 3 4 4 4 5 9
Case #39: -1
Case #40: 3 7 12 22
Case #41: 6 3 4 5 6 11 12
Case #42: 4 7 8 8 18
Case #43: -1
Case #44: 7 1 1 4 5 7 7 16
Case #45: 8 4 4 4 5 5 5 5 9
Case #46: 7 4 4 5 6 6 8 8
Case #47: 4 6 11 12 12
Case #48: 17 1 1 1 1 1 1 1 1 1 1 1 1 1 1 1 3 23
Case #49: 6 4 6 7 8 8 8
Case #50: -1
Case #51: 25 1 1 1 1 1 1 1 1 1 1 1 1 1 1 1 1 1 1 1 1 1 1 1 5 13
Case #52: 19 1 1 1 1 1 1 1 1 1 1 1 1 1 1 1 1 1 3 21
Case #53: 10 2 3 4 4 4 4 4 4 4 8
Case #54: 3 5 6 30
Case #55: 21 1 1 1 1 1 1 1 1 1 1 1 1 1 1 1 1 1 1 1 3 19
Case #56: 8 3 3 3 3 5 5 9 10
Case #57: 8 3 4 4 4 4 4 9 9
Case #58: 8 1 1 3 3 5 5 10 13
Case #59: 7 3 3 5 5 6 9 10
Case #60: -1
Case #61: 6 3 5 7 7 7 12
Case #62: -1
Case #63: 4 5 8 10 18
Case #64: -1
Case #65: 5 3 5 7 10 16
Case #66: -1
Case #67: 6 2 4 4 9 11 11
Case #68: 6 1 3 3 3 5 26
Case #69: 37 1 1 1 1 1 1 1 1 1 1 1 1 1 1 1 1 1 1 1 1 1 1 1 1 1 1 1 1 1 1 1 1 1 1 1 1 5
Case #70: 3 7 14 20
Case #71: 4 3 7 12 19
Case #72: 7 3 3 3 3 6 10 13
Case #73: 5 3 3 4 13 18
Case #74: 6 3 6 6 6 6 14
Case #75: 5 4 5 7 9 16
Case #76: -1
Case #77: -1
Case #78: -1
Case #79: 6 4 4 6 6 9 12
Case #80: 4 3 6 10 22
Case #81: 9 3 3 3 3 3 5 5 6 10
Case #82: -1
Case #83: 3 7 10 24
Case #84: 8 3 3 4 4 5 6 6 10
Case #85: 8 4 4 4 4 5 5 6 9
Case #86: -1
Case #87: 6 2 3 3 5 13 15
Case #88: 5 2 7 7 10 15
Case #89: -1
Case #90: 6 3 5 6 6 6 15
Case #91: 5 1 1 2 9 28
Case #92: 8 3 3 3 4 4 6 9 9
Case #93: 6 3 3 5 7 11 12
Case #94: 7 4 4 4 4 5 6 14
Case #95: -1
Case #96: 5 4 4 4 11 18
Case #97: -1
Case #98: 4 4 6 10 21
Case #99: 5 3 3 6 7 22
Case #100: 6 4 5 5 6 9 12
Case #101: 6 1 2 4 4 5 25
Case #102: 6 2 7 8 8 8 8
Case #103: 7 4 5 5 6 6 7 8
Case #104: -1
Case #105: 5 4 4 6 10 17
Case #106: 5 3 6 9 11 12
Case #107: 6 4 5 5 9 18 20
Case #108: 6 3 7 7 8 8 8
Case #109: 5 6 6 6 8 15
Case #110: 7 3 4 4 6 7 7 10
Case #111: 4 3 8 11 19
Case #112: 6 3 5 5 7 8 13
Case #113: 5 1 1 4 11 24
Case #114: 5 6 6 9 9 11
Case #115: 5 4 4 5 9 19
Case #116: -1
Case #117: 7 3 4 4 4 7 8 11
Case #118: 17 1 1 1 1 1 1 1 1 1 1 1 1 1 1 1 4 22
Case #119: 6 5 7 9 10 10 15
Case #120: 7 3 5 6 9 9 9 10
Case #121: 6 2 3 4 7 8 17
Case #122: -1
Case #123: 8 3 4 4 5 5 5 6 9
Case #124: 4 5 8 12 16
Case #125: 6 4 4 4 8 9 12
Case #126: 5 6 6 7 10 12
Case #127: 8 3 3 3 3 3 3 10 13
Case #128: 8 3 4 4 4 5 5 7 9
Case #129: 4 9 14 18 28
Case #130: 8 2 4 4 5 5 5 6 10
Case #131: 6 3 4 4 8 9 13
Case #132: 5 3 5 6 6 21
Case #133: 5 3 7 8 9 14
Case #134: 3 4 5 32
Case #135: 4 5 8 8 20
Case #136: 8 1 1 1 1 1 3 16 17
Case #137: 4 8 9 10 14
Case #138: 3 5 17 19
Case #139: 5 5 6 7 11 12
Case #140: 9 1 1 1 1 1 1 1 7 27
Case #141: 5 1 2 7 7 24
Case #142: 10 1 1 1 1 1 1 1 1 2 31
Case #143: 7 3 4 5 7 7 7 8
Case #144: 5 1 1 1 1 37
Case #145: 8 4 4 4 4 4 4 8 9
Case #146: 9 3 3 4 4 4 4 5 5 9
Case #147: 8 3 3 3 5 6 6 6 9
Case #148: -1
Case #149: 8 3 4 4 4 5 6 6 9
Case #150: -1
Case #151: 6 4 4 5 6 9 13
Case #152: -1
Case #153: 4 9 10 10 12
Case #154: 7 5 9 9 9 9 9 15
Case #155: 6 3 4 5 6 7 16
Case #156: -1
Case #157: 7 1 3 3 3 3 3 25
Case #158: 6 5 6 6 6 8 10
Case #159: 5 3 6 6 6 20
Case #160: -1
Case #161: -1
Case #162: 7 4 4 4 4 7 9 9
Case #163: 5 1 1 2 5 32
Case #164: 9 3 3 3 3 3 4 4 9 9
Case #165: 10 1 1 1 1 1 1 1 1 1 32
Case #166: 7 3 3 7 9 9 10 15
Case #167: 3 4 9 28
Case #168: 6 1 1 1 1 2 35
Case #169: 6 3 5 6 6 7 14
Case #170: 5 3 8 8 11 11
Case #171: 40 1 1 1 1 1 1 1 1 1 1 1 1 1 1 1 1 1 1 1 1 1 1 1 1 1 1 1 1 1 1 1 1 1 1 1 1 1 1 1 2
Case #172: 6 4 5 5 6 7 14
Case #173: 5 6 6 6 11 12
Case #174: -1
Case #175: -1
Case #176: 6 6 6 6 6 7 10
Case #177: 8 3 3 3 4 6 6 7 9
Case #178: 5 4 4 6 9 18
Case #179: 10 1 1 1 1 1 1 1 1 3 30
Case #180: 8 3 3 4 5 5 6 6 9
Case #181: 5 4 5 6 6 20
Case #182: 4 4 4 9 24
Case #183: 8 3 4 4 5 6 6 6 7
Case #184: 20 1 1 1 1 1 1 1 1 1 1 1 1 1 1 1 1 1 1 1 22
Case #185: 7 1 1 1 1 1 4 32
Case #186: 6 4 5 6 6 8 12
Case #187: 7 3 3 4 5 7 7 12
Case #188: 5 3 4 8 13 13
Case #189: -1
Case #190: 20 1 1 1 1 1 1 1 1 1 1 1 1 1 1 1 1 1 1 2 21
Case #191: 7 3 5 5 6 6 6 10
Case #192: -1
Case #193: 7 4 4 4 4 4 9 12
Case #194: -1
Case #195: 3 2 3 36
Case #196: 5 4 6 6 12 13
Case #197: -1
Case #198: 6 2 3 5 5 5 21
Case #199: 4 1 1 3 36
Case #200: 4 2 7 16 16
Case #201: 6 3 5 6 6 10 11
Case #202: -1
Case #203: 6 3 5 5 5 11 12
Case #204: 4 3 4 10 24
Case #205: 5 4 6 6 11 14
Case #206: 6 1 1 3 3 5 28
Case #207: -1
Case #208: 9 3 4 4 4 4 4 4 4 10
Case #209: 6 1 3 3 7 10 17
Case #210: 7 4 4 5 5 6 7 10
Case #211: 8 3 4 4 4 4 5 5 12
Case #212: 6 4 5 6 6 6 14
Case #213: 9 3 3 3 3 5 9 9 9 15
Case #214: 3 6 10 25
Case #215: 25 1 1 1 1 1 1 1 1 1 1 1 1 1 1 1 1 1 1 1 1 1 1 1 3 15
Case #216: 5 1 1 1 6 32
Case #217: 5 7 7 9 18 21
Case #218: 6 4 4 6 9 9 9
Case #219: 4 7 8 11 15
Case #220: 7 3 3 5 5 5 6 14
Case #221: 4 8 10 11 12
Case #222: 5 3 3 6 12 17
Case #223: 6 1 4 4 5 13 14
Case #224: 7 4 4 5 6 6 6 10
Case #225: -1
Case #226: 41 1 1 1 1 1 1 1 1 1 1 1 1 1 1 1 1 1 1 1 1 1 1 1 1 1 1 1 1 1 1 1 1 1 1 1 1 1 1 1 1 1
Case #227: -1
Case #228: 4 4 8 8 21
Case #229: 8 4 4 4 4 4 5 7 9
Case #230: 16 1 1 1 1 1 1 1 1 1 1 1 1 1 1 2 25
Case #231: 6 4 6 6 8 8 9
Case #232: 8 3 3 4 4 6 6 6 9
Case #233: -1
Case #234: 6 2 5 5 6 11 12
Case #235: 5 4 5 7 7 18
Case #236: 5 4 5 9 11 12
Case #237: 6 3 4 6 6 9 13
Case #238: -1
Case #239: 5 1 4 5 7 24
Case #240: 8 4 4 4 5 6 8 10 12
Case #241: 3 8 12 21
Case #242: 7 3 3 6 6 7 7 9
Case #243: 8 4 4 4 5 6 6 6 6
Case #244: 6 4 7 10 10 10 16
Case #245: 4 5 7 9 20
Case #246: 9 4 4 4 4 4 4 4 5 8
Case #247: 9 3 3 3 4 5 5 6 6 6
Case #248: 5 3 3 4 6 25
Case #249: 6 3 3 5 9 10 11
Case #250: 5 5 7 11 18 22
Case #251: 6 1 1 3 3 3 30
Case #252: -1
Case #253: -1
Case #254: 11 1 1 1 1 1 1 1 1 1 4 28
Case #255: 7 3 3 4 6 6 7 12
Case #256: -1
Case #257: 7 1 4 5 5 5 7 14
Case #258: 6 3 4 4 8 11 11
Case #259: 5 4 4 4 12 17
Case #260: 11 1 1 1 1 1 1 1 1 1 2 30
Case #261: 4 4 4 13 20
Case #262: -1
Case #263: -1
Case #264: 8 1 1 3 7 7 7 7 8
Case #265: -1
Case #266: -1
Case #267: 13 1 1 1 1 1 1 1 1 1 1 1 5 25
Case #268: 4 2 4 10 25
Case #269: -1
Case #270: 5 7 7 8 9 10
Case #271: 6 4 4 4 4 12 13
Case #272: 7 1 1 3 3 3 5 25
Case #273: 5 3 5 6 11 16
Case #274: 9 3 3 3 4 4 5 5 5 9
Case #275: 7 4 4 5 6 6 7 9
Case #276: 6 4 4 5 5 7 16
Case #277: 5 5 6 6 6 18
Case #278: 6 2 3 4 8 8 16
Case #279: 4 6 7 8 20
Case #280: 6 4 4 5 8 8 12
Case #281: 16 1 1 1 1 1 1 1 1 1 1 1 1 1 1 6 21
Case #282: 8 3 3 3 5 5 5 7 10
Case #283: 6 2 4 8 11 16 22
Case #284: 6 3 3 5 7 8 15
Case #285: -1
Case #286: -1
Case #287: 4 4 5 12 20
Case #288: 35 1 1 1 1 1 1 1 1 1 1 1 1 1 1 1 1 1 1 1 1 1 1 1 1 1 1 1 1 1 1 1 1 1 1 7
Case #289: 5 3 4 7 8 19
Case #290: 6 5 5 6 6 6 13
Case #291: -1
Case #292: 4 5 9 9 18
Case #293: -1
Case #294: 16 1 1 1 1 1 1 1 1 1 1 1 1 1 1 4 23
Case #295: -1
Case #296: 5 1 3 3 7 27
Case #297: 8 4 4 4 4 4 4 5 12
Case #298: 4 4 6 9 22
Case #299: -1
Case #300: 6 1 1 1 1 5 32
Case #301: -1
Case #302: 8 2 3 4 4 4 5 8 11
Case #303: 4 3 3 3 32
Case #304: 4 2 7 8 24
Case #305: 5 4 4 5 8 20
Case #306: 6 4 4 8 8 8 9
Case #307: -1
Case #308: -1
Case #309: -1
Case #310: 7 4 5 5 5 6 8 8
Case #311: 7 2 3 7 7 7 7 8
Case #312: 3 1 3 37
Case #313: 9 3 3 4 4 4 4 4 5 10
Case #314: 5 3 8 9 21 24
Case #315: 5 4 6 7 9 15
Case #316: 4 5 5 10 21
Case #317: -1
Case #318: 6 5 5 6 6 9 10
Case #319: 4 7 8 10 16
Case #320: 4 1 1 5 34
Case #321: 7 3 5 5 5 10 18 20
Case #322: 5 2 3 9 9 18
Case #323: 6 3 3 6 6 10 13
Case #324: -1
Case #325: 6 4 4 4 9 9 11
Case #326: 12 1 1 1 1 1 1 1 1 1 1 3 28
Case #327: -1
Case #328: 8 3 3 4 4 5 5 7 10
Case #329: 16 1 1 1 1 1 1 1 1 1 1 1 1 1 1 5 22
Case #330: -1
Case #331: 4 3 8 12 18
Case #332: 22 1 1 1 1 1 1 1 1 1 1 1 1 1 1 1 1 1 1 1 1 7 14
Case #333: 6 1 1 3 3 10 23
Case #334: 5 3 5 6 13 14
Case #335: 15 1 1 1 1 1 1 1 1 1 1 1 1 1 2 26
Case #336: 6 2 4 4 7 8 16
Case #337: 7 3 5 6 6 6 6 9
Case #338: -1
Case #339: 5 3 4 7 13 14
Case #340: 6 5 7 7 10 12 15
Case #341: -1
Case #342: 3 11 13 17
Case #343: 6 4 5 5 5 10 12
Case #344: 7 1 1 1 1 1 2 34
Case #345: 5 3 6 7 7 18
Case #346: 4 6 6 10 19
Case #347: 6 5 5 5 5 5 16
Case #348: 6 5 6 8 10 12 18
Case #349: -1
Case #350: 7 4 4 4 4 5 10 10
Case #351: 5 1 4 5 12 19
Case #352: 4 3 5 7 26
Case #353: 7 1 1 1 2 8 8 20
Case #354: -1
Case #355: -1
Case #356: 15 1 1 1 1 1 1 1 1 1 1 1 1 1 1 27
Case #357: 21 1 1 1 1 1 1 1 1 1 1 1 1 1 1 1 1 1 1 1 9 13
Case #358: 4 2 3 4 32
Case #359: 5 4 5 6 8 18
Case #360: 9 2 3 4 4 4 4 5 7 8
Case #361: 7 2 4 4 4 6 10 11
Case #362: 6 3 4 6 7 7 14
Case #363: -1
Case #364: 5 1 3 6 9 22
Case #365: 4 3 3 16 19
Case #366: -1
Case #367: -1
Case #368: 4 2 5 7 27
Case #369: 4 10 13 18 26
Case #370: -1
Case #371: -1
Case #372: 6 1 1 1 3 16 19
Case #373: 5 1 4 7 7 22
Case #374: 4 3 11 11 16
Case #375: 9 3 4 4 4 4 4 4 5 9
Case #376: 7 4 4 4 5 6 6 12
Case #377: -1
Case #378: -1
Case #379: 6 2 4 5 5 12 13
Case #380: 7 3 3 5 5 5 8 12
Case #381: 19 1 1 1 1 1 1 1 1 1 1 1 1 1 1 1 1 1 5 19
Case #382: 7 4 4 6 6 6 7 8
Case #383: 6 4 4 4 6 9 14
Case #384: 10 3 3 3 3 3 3 5 6 6 6
Case #385: 7 2 3 3 3 4 11 15
Case #386: 6 1 4 4 4 12 16
Case #387: 6 3 5 5 7 9 12
Case #388: -1
Case #389: 9 1 4 4 4 4 4 4 4 12
Case #390: 7 3 4 6 6 6 6 10
Case #391: 14 1 1 1 1 1 1 1 1 1 1 1 1 1 28
Case #392: 5 1 2 5 16 17
Case #393: 6 3 3 3 5 10 17
Case #394: 10 1 1 1 1 1 1 1 1 4 29
Case #395: 4 6 8 8 19
Case #396: 5 5 10 11 15 22
Case #397: 9 1 1 1 1 1 1 1 4 30
Case #398: 6 1 4 4 4 4 24
Case #399: 5 5 8 8 10 10
Case #400: -1
Case #401: 7 3 5 5 5 5 6 12
Case #402: 5 4 4 6 6 21
Case #403: -1
Case #404: 4 1 1 2 37
Case #405: -1
Case #406: 8 2 4 4 7 8 8 8 14
Case #407: 6 5 5 6 7 8 10
Case #408: 6 3 3 5 9 9 12
Case #409: 6 2 3 4 4 7 21
Case #410: 4 9 16 16 24
Case #411: 6 1 3 3 5 12 17
Case #412: 6 1 1 1 5 5 28
Case #413: 6 3 3 3 9 10 13
Case #414: 7 3 3 3 6 6 9 11
Case #415: 4 5 5 7 24
Case #416: -1
Case #417: 7 4 4 4 6 7 7 9
Case #418: -1
Case #419: -1
Case #420: 5 5 8 8 8 12
Case #421: 7 3 4 4 5 5 9 11
Case #422: 9 2 3 4 4 4 4 4 8 8
Case #423: -1
Case #424: 6 5 5 5 6 6 14
Case #425: 6 4 4 4 6 10 13
Case #426: 4 2 5 12 22
Case #427: 7 3 4 6 6 6 7 9
Case #428: -1
Case #429: 6 3 4 4 7 10 13
Case #430: 5 3 7 7 8 16
Case #431: 7 1 2 4 4 5 5 20
Case #432: 8 2 4 4 4 4 6 7 10
Case #433: 7 3 3 4 5 5 10 11
Case #434: 5 6 6 6 7 16
Case #435: 7 3 3 4 4 5 9 13
Case #436: 4 3 5 9 24
Case #437: 6 1 3 5 5 9 18
Case #438: 3 5 12 24
Case #439: 5 3 3 4 5 26
Case #440: -1
Case #441: 7 4 4 4 6 6 7 10
Case #442: -1
Case #443: 5 3 4 6 13 15
Case #444: 6 5 6 7 7 8 8
Case #445: 4 3 5 6 27
Case #446: 9 4 4 4 4 4 4 4 4 9
Case #447: 8 3 4 4 4 4 4 6 12
Case #448: 5 6 6 8 8 13
Case #449: 27 1 1 1 1 1 1 1 1 1 1 1 1 1 1 1 1 1 1 1 1 1 1 1 1 1 1 15
Case #450: 6 4 4 4 6 11 12
Case #451: 5 5 9 12 15 20
Case #452: -1
Case #453: 5 4 4 4 8 21
Case #454: 11 1 1 1 1 1 1 1 1 1 3 29
Case #455: 7 4 4 4 5 5 5 14
Case #456: 6 4 5 5 9 9 9
Case #457: 4 3 3 10 25
Case #458: 3 2 7 32
Case #459: 5 1 1 2 15 22
Case #460: 6 3 6 6 7 9 10
Case #461: -1
Case #462: 4 8 9 12 12
Case #463: 6 4 5 8 8 16 20
Case #464: 2 9 32
Case #465: 5 2 3 4 8 24
Case #466: 6 8 8 8 8 9 18
Case #467: -1
Case #468: 7 5 6 6 6 6 6 6
Case #469: 4 3 7 13 18
Case #470: 13 1 1 1 1 1 1 1 1 1 1 1 2 28
Case #471: -1
Case #472: 7 5 5 5 7 9 10 14
Case #473: 21 1 1 1 1 1 1 1 1 1 1 1 1 1 1 1 1 1 1 1 1 21
Case #474: 22 1 1 1 1 1 1 1 1 1 1 1 1 1 1 1 1 1 1 1 1 1 20
Case #475: -1
Case #476: 8 3 4 5 5 6 6 6 6
Case #477: 5 3 3 6 10 19
Case #478: 29 1 1 1 1 1 1 1 1 1 1 1 1 1 1 1 1 1 1 1 1 1 1 1 1 1 1 1 7 7
Case #479: -1
Case #480: 3 10 15 16
Case #481: -1
Case #482: 5 5 5 6 11 14
Case #483: 6 3 3 4 6 12 13
Case #484: 18 1 1 1 1 1 1 1 1 1 1 1 1 1 1 1 1 1 24
Case #485: 5 6 7 7 9 12
Case #486: 6 3 3 5 5 12 13
Case #487: 5 1 4 5 5 26
Case #488: 7 4 4 4 4 5 8 12
Case #489: 5 3 5 5 8 20
Case #490: 7 1 1 1 1 3 7 27
Case #491: 9 3 3 3 3 4 4 5 7 9
Case #492: -1
Case #493: 3 8 9 24
Case #494: -1
Case #495: 8 5 5 5 5 5 8 8 10
Case #496: 6 3 3 6 6 9 14
Case #497: 7 1 1 2 5 5 13 14
Case #498: 6 2 3 5 5 11 15
Case #499: 5 3 5 8 12 13
Case #500: 8 3 4 4 4 4 6 6 10
Case #501: -1
Case #502: 11 1 4 4 4 4 4 4 4 4 4 4
Case #503: -1
Case #504: 5 3 4 11 11 12
Case #505: 7 3 3 5 6 6 6 12
Case #506: 5 4 5 6 11 15
Case #507: -1
Case #508: 7 2 3 5 5 5 8 13
Case #509: 3 7 7 27
Case #510: -1
Case #511: 6 4 6 6 7 8 10
Case #512: 6 3 7 7 7 8 9
Case #513: 8 1 1 3 3 3 3 9 18
Case #514: -1
Case #515: 8 1 1 1 1 1 1 3 32
Case #516: 8 4 4 4 4 4 6 6 9
Case #517: 4 3 7 9 22
Case #518: 18 1 1 1 1 1 1 1 1 1 1 1 1 1 1 1 1 2 23
Case #519: 5 4 4 7 9 17
Case #520: 6 4 4 5 5 11 12
Case #521: 7 1 1 4 5 5 11 14
Case #522: 7 4 4 5 5 7 7 9
Case #523: -1
Case #524: -1
Case #525: 6 2 3 3 6 11 16
Case #526: 6 1 1 1 1 3 34
Case #527: 8 3 3 3 3 3 8 9 9
Case #528: -1
Case #529: 5 3 3 3 4 28
Case #530: 24 1 1 1 1 1 1 1 1 1 1 1 1 1 1 1 1 1 1 1 1 1 1 1 18
Case #531: 5 4 4 9 11 13
Case #532: 7 3 4 4 4 5 8 13
Case #533: 7 4 4 4 4 5 5 15
Case #534: 7 3 4 5 6 6 6 11
Case #535: 8 3 3 3 5 5 6 6 10
Case #536: -1
Case #537: 8 3 3 4 4 4 6 7 10
Case #538: 4 1 1 1 38
Case #539: -1
Case #540: -1
Case #541: 8 4 4 5 5 5 6 6 6
Case #542: 6 6 6 6 7 8 8
Case #543: 6 4 4 5 6 6 16
Case #544: -1
Case #545: 6 3 3 4 4 10 17
Case #546: 5 3 6 6 9 17
Case #547: -1
Case #548: 8 3 3 3 3 6 6 7 10
Case #549: 4 2 6 16 17
Case #550: 6 4 6 6 7 9 9
Case #551: 4 1 7 16 17
Case #552: 4 4 8 9 20
Case #553: 7 3 4 4 5 5 8 12
Case #554: 5 3 3 3 7 25
Case #555: 6 4 4 5 6 8 14
Case #556: 7 1 1 4 5 5 5 20
Case #557: 5 6 6 9 10 10
Case #558: 7 1 1 1 1 1 3 33
Case #559: 6 1 3 7 7 7 16
Case #560: 5 6 6 6 9 14
Case #561: 6 1 1 1 1 1 36
Case #562: 4 10 10 10 11
Case #563: -1
Case #564: 5 5 6 8 8 14
Case #565: 7 3 3 4 4 4 10 13
Case #566: 6 3 3 8 9 9 9
Case #567: 7 5 5 5 5 6 6 9
Case #568: 5 3 5 5 6 22
Case #569: 9 3 3 4 4 4 5 6 6 6
Case #570: 19 1 1 1 1 1 1 1 1 1 1 1 1 1 1 1 1 1 1 23
Case #571: 13 1 1 1 1 1 1 1 1 1 1 7 11 13
Case #572: 5 6 7 8 10 10
Case #573: 4 3 7 8 23
Case #574: 3 10 10 21
Case #575: 5 3 4 8 8 18
Case #576: 7 5 5 6 6 6 6 7
Case #577: 8 3 3 5 5 6 6 6 7
Case #578: 9 3 3 3 3 5 6 6 6 6
Case #579: 5 4 6 7 8 16
Case #580: 3 6 14 21
Case #581: 5 6 6 7 9 13
Case #582: 8 3 4 4 4 4 7 7 8
Case #583: 5 1 1 1 2 36
Case #584: 5 6 6 8 9 12
Case #585: 8 4 4 4 4 4 5 6 10
Case #586: 7 3 3 5 6 7 7 10
Case #587: -1
Case #588: 28 1 1 1 1 1 1 1 1 1 1 1 1 1 1 1 1 1 1 1 1 1 1 1 1 1 1 1 14
Case #589: -1
Case #590: 6 1 3 7 8 11 11
Case #591: -1
Case #592: -1
Case #593: 5 3 3 6 13 16
Case #594: 5 3 3 3 5 27
Case #595: 7 3 4 4 5 5 6 14
Case #596: 10 3 3 3 3 3 3 3 3 8 9
Case #597: 4 8 8 10 15
Case #598: 10 3 3 3 3 3 3 3 5 5 10
Case #599: -1
Case #600: 6 1 1 4 7 8 20
Case #601: 7 3 3 4 5 5 9 12
Case #602: 12 1 1 1 1 1 1 1 1 1 1 2 29
Case #603: 4 5 9 11 16
Case #604: 8 3 4 4 5 5 5 5 10
Case #605: 7 3 3 6 6 6 7 10
Case #606: -1
Case #607: 7 3 4 6 6 7 15 16
Case #608: 7 3 4 4 6 6 9 9
Case #609: 11 1 1 1 1 1 1 1 1 1 1 31
Case #610: 7 4 4 4 6 7 8 8
Case #611: 5 1 2 7 10 21
Case #612: 5 2 3 3 16 17
Case #613: 5 3 3 4 12 19
Case #614: 5 5 5 5 10 16
Case #615: 21 1 1 1 1 1 1 1 1 1 1 1 1 1 1 1 1 1 1 1 11 11
Case #616: 5 3 5 7 8 18
Case #617: 6 5 5 6 6 8 11
Case #618: 8 3 3 5 5 5 5 5 10
Case #619: 4 1 3 8 29
Case #620: 6 4 4 6 7 20 21
Case #621: 6 3 3 3 10 11 11
Case #622: 7 1 4 4 4 5 10 13
Case #623: 6 3 3 7 8 9 11
Case #624: 8 1 4 4 4 4 4 4 16
Case #625: 9 3 3 3 3 3 5 6 6 9
Case #626: 6 1 3 3 10 11 13
Case #627: 4 3 5 13 20
Case #628: 6 2 3 7 8 8 13
Case #629: 6 5 6 6 6 7 11
Case #630: 5 3 8 9 9 12
Case #631: 8 3 4 4 5 5 5 7 8
Case #632: 21 1 1 1 1 1 1 1 1 1 1 1 1 1 1 1 1 1 1 1 5 17
Case #633: 6 4 4 6 7 8 12
Case #634: 34 1 1 1 1 1 1 1 1 1 1 1 1 1 1 1 1 1 1 1 1 1 1 1 1 1 1 1 1 1 1 1 1 1 8
Case #635: 23 1 1 1 1 1 1 1 1 1 1 1 1 1 1 1 1 1 1 1 1 1 3 17
Case #636: 7 1 4 4 4 7 10 11
Case #637: 7 4 5 5 6 6 15 16
Case #638: -1
Case #639: 7 4 5 5 5 6 6 10
Case #640: 8 3 4 4 4 4 5 7 10
Case #641: 5 5 6 6 8 16
Case #642: -1
Case #643: 31 1 1 1 1 1 1 1 1 1 1 1 1 1 1 1 1 1 1 1 1 1 1 1 1 1 1 1 1 1 1 11
Case #644: 5 3 6 7 12 13
Case #645: 7 3 4 4 4 5 10 11
Case #646: 8 1 3 3 5 5 7 7 10
Case #647: 5 1 1 1 3 35
Case #648: 8 3 4 5 5 6 9 9 12
Case #649: -1
Case #650: 4 5 6 8 22
Case #651: 8 3 4 4 6 6 6 6 6
Case #652: 4 7 10 10 14
Case #653: 7 3 4 5 6 6 7 10
Case #654: 6 4 4 6 7 9 11
Case #655: 8 4 4 4 4 5 6 6 8
Case #656: 6 1 2 4 5 13 16
Case #657: 7 3 3 3 5 6 10 11
Case #658: 2 2 39
Case #659: -1
Case #660: -1
Case #661: 5 6 6 6 10 13
Case #662: 6 1 1 1 3 11 24
Case #663: 7 4 4 5 5 5 6 12
Case #664: 4 5 6 6 24
Case #665: 6 1 4 5 5 5 21
Case #666: 4 6 8 11 16
Case #667: 4 4 6 13 18
Case #668: 5 6 6 8 10 11
Case #669: 6 3 5 5 5 7 16
Case #670: 9 3 4 4 4 4 4 5 5 8
Case #671: 4 4 4 6 27
Case #672: 5 2 6 7 11 15
Case #673: -1
Case #674: 6 4 4 6 8 8 11
Case #675: 8 1 1 1 1 1 1 4 31
Case #676: -1
Case #677: 4 7 20 21 30
Case #678: 6 3 3 7 7 9 12
Case #679: 5 1 1 1 19 19
Case #680: 5 2 3 3 3 30
Case #681: -1
Case #682: 7 3 4 4 4 7 7 12
Case #683: 8 1 4 4 5 5 5 5 12
Case #684: 4 1 5 17 18
Case #685: 7 2 3 4 4 7 8 13
Case #686: 5 5 6 9 9 12
Case #687: -1
Case #688: 9 2 4 4 4 4 4 4 6 9
Case #689: 4 4 7 10 20
Case #690: -1
Case #691: 5 3 5 15 18 25
Case #692: 7 4 5 5 8 8 10 11
Case #693: 5 5 5 8 8 15
Case #694: 2 5 36
Case #695: 6 4 4 4 4 5 20
Case #696: 6 4 4 5 7 7 14
Case #697: 5 3 3 3 10 22
Case #698: 5 5 5 6 10 15
Case #699: 6 5 6 6 6 6 12
Case #700: 7 4 4 6 6 6 6 9
Case #701: 6 1 4 4 4 8 20
Case #702: 8 1 1 1 3 5 5 5 20
Case #703: 5 4 7 7 9 14
Case #704: 6 4 4 4 7 9 13
Case #705: -1
Case #706: -1
Case #707: 5 1 2 4 10 24
Case #708: -1
Case #709: 3 3 6 32
Case #710: 9 1 4 4 4 4 4 5 5 10
Case #711: 8 3 4 4 4 5 5 6 10
Case #712: 4 1 3 7 30
Case #713: 5 2 3 8 11 17
Case #714: 5 2 3 7 8 21
Case #715: -1
Case #716: -1
Case #717: 5 4 4 7 10 16
Case #718: 6 5 6 6 8 8 8
Case #719: 3 6 17 18
Case #720: 3 8 8 25
Case #721: 6 3 4 5 5 8 16
Case #722: 6 4 4 6 6 10 11
Case #723: 7 3 4 4 7 7 8 8
Case #724: 5 2 5 5 8 21
Case #725: 25 1 1 1 1 1 1 1 1 1 1 1 1 1 1 1 1 1 1 1 1 1 1 1 7 11
Case #726: 6 2 3 3 3 5 25
Case #727: 7 3 3 4 7 7 8 9
Case #728: 3 5 9 27
Case #729: 6 4 4 4 7 7 15
Case #730: 6 2 3 4 5 8 19
Case #731: 27 1 1 1 1 1 1 1 1 1 1 1 1 1 1 1 1 1 1 1 1 1 1 1 1 1 5 11
Case #732: 4 6 15 20 25
Case #733: 6 1 2 7 7 8 16
Case #734: 8 2 4 4 4 4 7 7 9
Case #735: 5 4 7 7 7 16
Case #736: 6 2 3 5 7 11 13
Case #737: 6 3 5 6 6 9 12
Case #738: 19 1 1 1 1 1 1 1 1 1 1 1 1 1 1 1 1 1 2 22
Case #739: 23 1 1 1 1 1 1 1 1 1 1 1 1 1 1 1 1 1 1 1 1 1 7 13
Case #740: -1
Case #741: 7 2 3 4 4 4 8 16
Case #742: 8 1 1 1 1 1 1 1 34
Case #743: 6 4 5 6 8 8 10
Case #744: 5 2 3 5 8 23
Case #745: 13 1 1 1 1 1 1 1 1 1 1 1 4 26
Case #746: 6 3 5 7 7 8 11
Case #747: -1
Case #748: 4 3 5 12 21
Case #749: 5 1 5 6 7 22
Case #750: -1
Case #751: 6 6 6 6 7 7 9
Case #752: -1
Case #753: 3 1 2 38
Case #754: 7 4 6 6 6 6 6 7
Case #755: 5 4 4 7 8 18
Case #756: 6 3 4 7 8 8 11
Case #757: 5 5 5 6 12 13
Case #758: 6 3 5 5 5 5 18
Case #759: 8 1 1 1 1 1 1 2 33
Case #760: -1
Case #761: 3 2 9 30
Case #762: -1
Case #763: -1
Case #764: 6 3 4 4 5 8 17
Case #765: 4 7 7 11 16
Case #766: 6 7 7 7 10 10 14
Case #767: 4 1 5 16 19
Case #768: 6 3 5 5 5 8 15
Case #769: 5 10 10 11 20 22
Case #770: 5 6 7 8 8 12
Case #771: 2 1 40
Case #772: 5 5 5 9 10 12
Case #773: 4 6 10 10 15
Case #774: 8 1 4 4 4 4 7 7 10
Case #775: -1
Case #776: 8 3 3 3 3 5 7 7 10
Case #777: 6 3 4 6 6 6 16
Case #778: 6 5 5 5 6 8 12
Case #779: 7 3 4 5 5 5 5 14
Case #780: 6 1 1 1 2 17 19
Case #781: 5 1 3 5 5 27
Case #782: -1
Case #783: 6 6 6 6 6 8 9
Case #784: 6 3 4 4 7 9 14
Case #785: 9 3 3 3 4 4 4 5 6 9
Case #786: 7 5 5 6 7 9 9 10
Case #787: 16 1 1 1 1 1 1 1 1 1 1 1 1 1 1 1 26
Case #788: -1
Case #789: 5 2 3 3 5 28
Case #790: 7 1 1 1 2 7 7 22
Case #791: 8 1 1 1 1 3 5 7 22
Case #792: -1
Case #793: 4 6 9 10 16
Case #794: 4 3 5 8 25
Case #795: -1
Case #796: 39 1 1 1 1 1 1 1 1 1 1 1 1 1 1 1 1 1 1 1 1 1 1 1 1 1 1 1 1 1 1 1 1 1 1 1 1 1 1 3
Case #797: 13 1 1 1 1 1 1 1 1 1 1 5 7 19
Case #798: 5 1 1 3 8 28
Case #799: 7 3 3 5 6 6 9 9
Case #800: 6 4 4 5 6 10 12
Case #801: 5 1 4 4 8 24
Case #802: 7 5 6 6 9 15 18 20
Case #803: 6 4 6 6 6 7 12
Case #804: 3 1 10 30
Case #805: -1
Case #806: -1
Case #807: 4 1 4 11 25
Case #808: 7 3 4 4 6 6 6 12
Case #809: -1
Case #810: 3 1 17 23
Case #811: -1
Case #812: 7 3 5 5 6 6 7 9
Case #813: -1
Case #814: 4 4 6 6 25
Case #815: 8 3 3 4 5 5 5 6 10
Case #816: 5 5 6 9 10 11
Case #817: -1
Case #818: 7 4 5 5 6 6 6 9
Case #819: -1
Case #820: 6 3 3 3 5 9 18
Case #821: 8 3 5 5 5 5 6 6 6
Case #822: 6 5 6 6 6 9 9
Case #823: 13 1 1 1 1 1 1 1 1 1 1 1 1 29
Case #824: 5 5 5 5 8 18
Case #825: 4 6 6 9 20
Case #826: -1
Case #827: 11 1 1 1 1 1 1 1 1 1 5 27
Case #828: 6 4 4 6 6 7 14
Case #829: 7 3 3 3 6 7 9 10
Case #830: -1
Case #831: 5 3 9 11 18 22
Case #832: 5 6 8 8 9 10
Case #833: 6 5 5 6 6 7 12
Case #834: 4 4 10 11 16
Case #835: -1
Case #836: 5 6 7 9 9 10
Case #837: 7 3 4 4 4 5 9 12
Case #838: -1
Case #839: -1
Case #840: 7 4 5 5 7 10 10 14
Case #841: 6 3 4 4 6 9 15
Case #842: -1
Case #843: 9 2 3 4 4 5 5 5 5 8
Case #844: 4 9 12 20 27
Case #845: 4 3 8 13 17
Case #846: 7 5 5 5 6 6 6 8
Case #847: 9 1 1 1 1 1 1 1 1 33
Case #848: -1
Case #849: -1
Case #850: 7 2 3 5 5 7 8 11
Case #851: 7 1 1 1 1 1 1 35
Case #852: -1
Case #853: 19 1 1 1 1 1 1 1 1 1 1 1 1 1 1 1 1 1 4 20
Case #854: 9 1 1 1 1 1 1 1 3 31
Case #855: 5 6 8 8 8 11
Case #856: -1
Case #857: 13 1 1 1 1 1 1 1 1 1 1 3 7 21
Case #858: 5 1 4 4 9 23
Case #859: 17 1 1 1 1 1 1 1 1 1 1 1 1 1 1 1 2 24
Case #860: 8 2 3 3 3 5 5 5 15
Case #861: 5 1 1 6 16 17
Case #862: 4 3 7 7 24
Case #863: 6 3 3 5 7 10 13
Case #864: 7 4 5 6 6 6 6 8
Case #865: -1
Case #866: 7 3 5 7 7 9 10 14
Case #867: 5 1 3 3 6 28
Case #868: 6 1 1 3 8 11 17
Case #869: 7 3 3 4 4 6 10 11
Case #870: 8 2 3 4 5 5 7 7 8
Case #871: 5 2 7 8 8 16
Case #872: 36 1 1 1 1 1 1 1 1 1 1 1 1 1 1 1 1 1 1 1 1 1 1 1 1 1 1 1 1 1 1 1 1 1 1 1 6
Case #873: 6 3 4 4 5 12 13
Case #874: 5 4 4 7 11 15
Case #875: 7 4 4 4 4 8 8 9
Case #876: 5 5 6 7 8 15
Case #877: 6 5 5 5 5 9 12
Case #878: 5 3 6 6 11 15
Case #879: 5 2 7 7 7 18
Case #880: 6 3 3 7 7 10 11
Case #881: 8 2 3 4 4 4 4 4 16
Case #882: 5 1 4 7 8 21
Case #883: 6 4 4 4 5 8 16
Case #884: 7 4 4 4 4 5 9 11
Case #885: 14 1 1 1 1 1 1 1 1 1 1 1 1 2 27
Case #886: 6 1 3 3 5 10 19
Case #887: 6 4 6 6 6 8 11
Case #888: 6 6 6 6 6 6 11
Case #889: 5 1 4 7 13 16
Case #890: 38 1 1 1 1 1 1 1 1 1 1 1 1 1 1 1 1 1 1 1 1 1 1 1 1 1 1 1 1 1 1 1 1 1 1 1 1 1 4
Case #891: -1
Case #892: -1
Case #893: 8 1 1 1 1 1 3 7 26
Case #894: 7 1 1 1 1 1 17 19
Case #895: 7 3 4 5 5 5 8 11
Case #896: 5 1 4 8 8 20
Case #897: -1
Case #898: 4 4 5 6 26
Case #899: -1
Case #900: -1
Case #901: 5 3 4 8 9 17
Case #902: 6 3 6 6 7 7 12
Case #903: 7 4 4 4 5 5 7 12
Case #904: 9 1 1 1 1 1 1 3 5 27
Case #905: 6 4 5 6 7 7 12
Case #906: 4 5 10 10 16
Case #907: 9 3 3 3 3 3 3 6 7 10
Case #908: 5 2 4 5 5 25
Case #909: 4 3 7 10 21
Case #910: 5 5 5 6 9 16
Case #911: 10 1 4 4 4 4 4 4 4 4 8
Case #912: 4 1 1 7 32
Case #913: 7 2 4 4 4 7 9 11
Case #914: 5 2 3 6 9 21
Case #915: 6 4 4 6 6 6 15
Case #916: 4 3 4 12 22
Case #917: 6 1 1 1 7 9 22
Case #918: 5 1 4 9 13 14
Case #919: 6 3 6 6 6 9 11
Case #920: 5 2 4 6 7 22
Case #921: 4 6 8 9 18
Case #922: 5 3 3 5 5 25
Case #923: 7 3 4 5 5 6 6 12
Case #924: 3 6 16 19
Case #925: 25 1 1 1 1 1 1 1 1 1 1 1 1 1 1 1 1 1 1 1 1 1 1 1 1 17
Case #926: 6 5 7 8 8 10 13
Case #927: 6 3 3 6 6 11 12
Case #928: -1
Case #929: 8 4 4 4 5 8 8 8 10
Case #930: 7 4 5 5 5 5 5 12
Case #931: -1
Case #932: 5 3 4 5 12 17
Case #933: 7 1 1 1 5 7 7 19
Case #934: 6 3 5 5 6 6 16
Case #935: 10 3 3 3 3 3 3 3 3 7 10
Case #936: -1
Case #937: -1
Case #938: 5 8 8 9 16 18
Case #939: 8 3 5 5 5 5 5 5 8
Case #940: 17 1 1 1 1 1 1 1 1 1 1 1 1 1 1 1 1 25
Case #941: -1
Case #942: 13 1 1 1 1 1 1 1 1 1 1 1 3 27
Case #943: 8 3 3 5 6 6 6 6 6
Case #944: 19 1 1 1 1 1 1 1 1 1 1 1 1 1 1 1 1 1 7 17
Case #945: 6 4 5 5 5 6 16
Case #946: 3 6 11 24
Case #947: 4 6 6 11 18
Case #948: 29 1 1 1 1 1 1 1 1 1 1 1 1 1 1 1 1 1 1 1 1 1 1 1 1 1 1 1 1 13
Case #949: 6 2 3 3 3 3 27
Case #950: 6 4 4 5 6 7 15
Case #951: 8 4 4 5 5 7 8 8 10
Case #952: 6 4 5 6 6 9 11
Case #953: 4 3 3 8 27
Case #954: 5 3 3 8 9 18
Case #955: 3 11 12 18
Case #956: 3 2 6 33
Case #957: 6 3 3 4 8 11 12
Case #958: 7 4 4 4 6 6 8 9
Case #959: 5 4 5 7 12 13
Case #960: -1
Case #961: -1
Case #962: 9 1 1 1 1 1 1 1 2 32
Case #963: 5 4 5 7 10 15
Case #964: 8 3 3 3 3 3 5 10 11
Case #965: 33 1 1 1 1 1 1 1 1 1 1 1 1 1 1 1 1 1 1 1 1 1 1 1 1 1 1 1 1 1 1 1 1 9
