Case #1: 7 1 1 1 1 1 4 32
Case #2: 6 3 3 5 9 10 11
Case #3: 4 9 10 10 12
Case #4: -1
Case #5: -1
Case #6: 9 3 4 4 4 4 4 4 5 9
Case #7: -1
Case #8: 6 1 3 7 7 7 16
Case #9: 5 3 7 7 8 16
Case #10: 8 3 3 3 3 3 3 10 13
Case #11: 6 3 4 6 6 6 16
Case #12: 4 5 9 11 16
Case #13: 12 1 1 1 1 1 1 1 1 1 1 3 28
Case #14: 5 4 6 6 9 16
Case #15: 8 3 4 4 4 4 7 7 8
Case #16: 4 7 7 11 16
Case #17: 6 3 6 6 6 6 14
Case #18: 5 5 6 7 8 15
Case #19: 4 3 8 13 17
Case #20: 6 4 5 6 8 8 10
Case #21: 3 5 6 30
Case #22: -1
Case #23: 6 1 3 3 3 5 26
Case #24: 8 3 4 4 5 5 5 6 9
Case #25: 21 1 1 1 1 1 1 1 1 1 1 1 1 1 1 1 1 1 1 1 1 21
Case #26: 4 1 1 2 37
Case #27: -1
Case #28: 6 3 5 5 7 8 13
Case #29: 3 9 14 18
Case #30: 6 3 5 6 6 10 11
Case #31: 6 1 2 4 5 13 16
Case #32: -1
Case #33: -1
Case #34: 13 1 1 1 1 1 1 1 1 1 1 5 7 19
Case #35: 7 4 6 6 6 6 6 7
Case #36: -1
Case #37: 3 2 3 36
Case #38: 5 3 5 5 6 22
Case #39: 5 4 5 7 12 13
Case #40: 7 1 1 3 3 3 5 25
Case #41: 5 3 4 8 13 13
Case #42: 3 7 14 20
Case #43: 7 3 3 3 3 6 10 13
Case #44: 3 11 13 17
Case #45: 12 1 1 1 1 1 1 1 1 1 1 1 30
Case #46: 7 3 3 4 6 6 7 12
Case #47: 7 3 4 4 5 5 6 14
Case #48: 16 1 1 1 1 1 1 1 1 1 1 1 1 1 1 4 23
Case #49: 6 3 5 6 6 9 12
Case #50: 16 1 1 1 1 1 1 1 1 1 1 1 1 1 1 1 26
Case #51: -1
Case #52: 9 1 1 1 1 1 1 1 7 27
Case #53: 6 5 6 6 6 7 11
Case #54: 6 6 6 6 6 6 11
Case #55: 4 1 3 10 27
Case #56: 5 5 6 6 9 15
Case #57: 4 3 7 9 22
Case #58: 9 2 3 4 4 4 4 4 8 8
Case #59: -1
Case #60: -1
Case #61: 5 1 4 9 13 14
Case #62: -1
Case #63: 5 2 7 7 7 18
Case #64: 14 1 1 1 1 1 1 1 1 1 1 1 1 1 28
Case #65: 6 4 5 6 6 9 11
Case #66: 2 9 32
Case #67: 4 7 8 10 16
Case #68: 17 1 1 1 1 1 1 1 1 1 1 1 1 1 1 1 1 25
Case #69: 4 3 7 10 21
Case #70: 6 3 5 6 6 6 15
Case #71: 10 3 3 3 3 3 3 3 5 5 10
Case #72: 3 5 17 19
Case #73: 4 1 7 16 17
Case #74: 4 1 3 7 30
Case #75: 13 1 1 1 1 1 1 1 1 1 1 1 5 25
Case #76: 7 3 3 4 4 6 10 11
Case #77: 25 1 1 1 1 1 1 1 1 1 1 1 1 1 1 1 1 1 1 1 1 1 1 1 1 17
Case #78: -1
Case #79: -1
Case #80: 7 4 4 5 5 7 8 8
Case #81: 5 1 1 6 16 17
Case #82: -1
Case #83: 12 1 1 1 1 1 1 1 1 1 1 2 29
Case #84: 6 1 1 1 3 16 19
Case #85: -1
Case #86: 19 1 1 1 1 1 1 1 1 1 1 1 1 1 1 1 1 1 1 23
Case #87: 7 2 3 4 4 7 8 13
Case #88: 3 5 9 27
Case #89: -1
Case #90: -1
Case #91: 8 3 3 3 3 6 6 7 10
Case #92: -1
Case #93: 4 4 6 7 24
Case #94: 4 3 9 11 18
Case #95: 6 1 4 4 4 12 16
Case #96: 6 3 4 6 6 9 13
Case #97: 7 2 4 4 7 8 8 8
Case #98: -1
Case #99: 6 3 3 4 4 10 17
Case #100: 7 3 3 3 6 7 9 10
Case #101: 4 4 5 12 20
Case #102: 5 1 1 1 6 32
Case #103: 21 1 1 1 1 1 1 1 1 1 1 1 1 1 1 1 1 1 1 1 11 11
Case #104: -1
Case #105: 5 2 6 7 11 15
Case #106: 5 4 4 5 14 14
Case #107: 10 3 3 3 3 3 3 3 3 8 9
Case #108: 6 1 1 5 5 13 16
Case #109: 6 2 3 3 5 13 15
Case #110: 7 4 4 4 5 5 5 14
Case #111: -1
Case #112: -1
Case #113: 8 3 3 5 5 5 5 5 10
Case #114: 5 6 7 8 8 12
Case #115: -1
Case #116: 9 4 4 4 4 4 4 4 4 9
Case #117: 5 4 5 6 6 20
Case #118: 9 3 3 3 3 3 5 5 6 10
Case #119: 6 3 3 8 9 9 9
Case #120: -1
Case #121: 4 7 8 8 18
Case #122: 7 4 4 4 4 5 10 10
Case #123: 6 3 4 4 8 9 13
Case #124: 5 2 3 9 10 17
Case #125: 5 7 7 7 10 10
Case #126: 6 5 6 6 8 8 8
Case #127: 6 3 5 7 7 8 11
Case #128: 6 2 5 5 8 8 13
Case #129: -1
Case #130: 6 3 3 3 5 9 18
Case #131: -1
Case #132: 7 3 5 5 6 6 6 10
Case #133: 29 1 1 1 1 1 1 1 1 1 1 1 1 1 1 1 1 1 1 1 1 1 1 1 1 1 1 1 1 13
Case #134: 5 4 5 8 8 16
Case #135: 6 4 4 5 8 8 12
Case #136: -1
Case #137: 5 5 5 9 10 12
Case #138: 4 4 6 6 25
Case #139: 5 4 7 10 10 10
Case #140: -1
Case #141: 3 9 16 16
Case #142: 5 3 3 8 9 18
Case #143: 4 3 7 7 24
Case #144: 18 1 1 1 1 1 1 1 1 1 1 1 1 1 1 1 1 1 24
Case #145: 5 2 3 9 9 18
Case #146: 3 2 9 30
Case #147: 7 4 4 4 4 8 8 9
Case #148: -1
Case #149: -1
Case #150: 19 1 1 1 1 1 1 1 1 1 1 1 1 1 1 1 1 1 5 19
Case #151: 7 4 4 4 4 4 9 12
Case #152: -1
Case #153: -1
Case #154: 3 2 6 33
Case #155: -1
Case #156: 4 6 8 9 18
Case #157: 5 4 7 7 7 16
Case #158: 5 1 7 10 10 13
Case #159: 6 1 1 1 7 9 22
Case #160: 8 3 3 5 6 6 6 6 6
Case #161: 4 3 3 16 19
Case #162: 8 3 5 5 5 5 5 5 8
Case #163: -1
Case #164: 4 3 11 12 15
Case #165: 6 3 4 5 5 8 16
Case #166: -1
Case #167: -1
Case #168: 6 2 5 7 7 10 10
Case #169: 6 4 5 6 6 6 14
Case #170: 4 5 8 12 16
Case #171: 6 4 4 4 9 9 11
Case #172: 5 3 3 5 5 25
Case #173: 6 3 7 7 7 8 9
Case #174: -1
Case #175: 5 1 1 3 17 19
Case #176: 17 1 1 1 1 1 1 1 1 1 1 1 1 1 1 1 2 24
Case #177: -1
Case #178: 4 2 3 4 32
Case #179: 11 1 1 1 1 1 1 1 1 1 4 28
Case #180: 7 4 4 4 6 6 8 9
Case #181: 6 5 5 6 7 8 10
Case #182: 7 3 4 4 5 5 9 11
Case #183: 3 5 12 24
Case #184: 5 3 5 6 6 21
Case #185: 6 6 6 6 7 7 9
Case #186: 5 4 7 7 9 14
Case #187: 5 3 6 6 11 15
Case #188: 9 1 1 1 1 1 1 1 2 32
Case #189: 3 3 6 32
Case #190: 8 4 4 4 4 4 5 6 10
Case #191: -1
Case #192: -1
Case #193: -1
Case #194: 6 4 4 5 6 10 12
Case #195: -1
Case #196: 6 3 3 7 7 9 12
Case #197: 6 4 5 5 6 6 15
Case #198: 5 6 6 7 7 15
Case #199: -1
Case #200: 5 4 6 6 11 14
Case #201: -1
Case #202: 6 2 7 8 8 8 8
Case #203: -1
Case #204: 6 1 1 1 1 5 32
Case #205: -1
Case #206: 6 3 3 7 8 9 11
Case #207: 8 2 4 4 4 4 6 7 10
Case #208: 4 3 10 10 18
Case #209: 3 1 2 38
Case #210: 8 2 3 3 3 5 5 5 15
Case #211: 3 6 17 18
Case #212: 4 3 7 13 18
Case #213: 6 1 3 7 8 11 11
Case #214: 19 1 1 1 1 1 1 1 1 1 1 1 1 1 1 1 1 1 3 21
Case #215: 4 3 8 11 19
Case #216: 8 3 3 4 5 5 5 6 10
Case #217: 6 5 5 5 7 9 10
Case #218: 8 3 3 3 4 4 6 9 9
Case #219: 6 4 5 5 5 10 12
Case #220: 5 5 6 6 8 16
Case #221: 8 3 4 4 4 5 6 6 9
Case #222: 6 3 3 3 10 11 11
Case #223: 35 1 1 1 1 1 1 1 1 1 1 1 1 1 1 1 1 1 1 1 1 1 1 1 1 1 1 1 1 1 1 1 1 1 1 7
Case #224: 8 3 3 3 5 6 6 6 9
Case #225: -1
Case #226: 13 1 1 1 1 1 1 1 1 1 1 1 3 27
Case #227: -1
Case #228: 5 6 6 6 7 16
Case #229: 7 2 3 5 5 5 8 13
Case #230: -1
Case #231: 4 5 8 10 18
Case #232: 7 3 4 4 4 5 10 11
Case #233: -1
Case #234: 4 5 6 15 15
Case #235: 9 3 3 3 3 3 4 4 9 9
Case #236: 5 4 5 6 8 18
Case #237: 6 3 3 3 9 10 13
Case #238: -1
Case #239: 5 1 1 2 15 22
Case #240: 4 6 8 11 16
Case #241: 4 2 11 14 14
Case #242: 6 3 3 5 7 8 15
Case #243: 9 3 3 3 3 4 4 5 7 9
Case #244: -1
Case #245: 7 3 4 5 5 5 5 14
Case #246: 6 3 3 4 6 12 13
Case #247: 19 1 1 1 1 1 1 1 1 1 1 1 1 1 1 1 1 1 7 17
Case #248: 9 3 3 3 4 5 5 6 6 6
Case #249: 6 4 5 5 7 10 10
Case #250: 7 3 3 5 6 7 7 10
Case #251: 11 1 1 1 1 1 1 1 1 1 2 30
Case #252: -1
Case #253: 6 3 4 4 8 11 11
Case #254: 5 3 5 7 10 16
Case #255: 17 1 1 1 1 1 1 1 1 1 1 1 1 1 1 1 3 23
Case #256: 7 3 3 4 5 5 10 11
Case #257: 4 4 6 13 18
Case #258: 6 2 3 4 5 8 19
Case #259: 4 2 4 14 21
Case #260: 8 3 4 4 4 5 5 7 9
Case #261: 6 3 5 5 5 8 15
Case #262: 5 3 4 5 12 17
Case #263: 8 3 3 3 4 6 6 7 9
Case #264: 3 2 14 25
Case #265: 5 1 1 2 9 28
Case #266: 20 1 1 1 1 1 1 1 1 1 1 1 1 1 1 1 1 1 1 1 22
Case #267: 22 1 1 1 1 1 1 1 1 1 1 1 1 1 1 1 1 1 1 1 1 7 14
Case #268: 6 3 4 7 8 8 11
Case #269: 3 4 5 32
Case #270: 4 6 9 10 16
Case #271: -1
Case #272: 6 3 4 5 6 7 16
Case #273: 5 1 4 5 5 26
Case #274: -1
Case #275: 7 3 3 6 6 7 7 9
Case #276: 4 1 6 7 27
Case #277: 6 3 7 7 8 8 8
Case #278: -1
Case #279: 2 5 36
Case #280: 4 1 1 5 34
Case #281: 4 8 8 9 16
Case #282: 7 2 4 5 7 7 8 8
Case #283: 5 5 6 7 11 12
Case #284: 5 1 1 1 1 37
Case #285: 5 3 3 6 10 19
Case #286: 3 10 15 16
Case #287: 7 3 4 5 5 5 8 11
Case #288: 8 3 3 3 5 5 6 6 10
Case #289: -1
Case #290: -1
Case #291: -1
Case #292: 5 3 4 7 13 14
Case #293: 6 1 3 3 7 10 17
Case #294: 8 3 4 4 5 5 5 7 8
Case #295: 5 1 1 1 3 35
Case #296: 8 3 3 3 3 3 5 10 11
Case #297: 6 2 3 4 8 8 16
Case #298: 7 3 4 5 6 6 7 10
Case #299: 6 2 3 3 5 7 21
Case #300: 7 4 4 4 4 7 9 9
Case #301: 8 4 4 4 4 4 6 6 9
Case #302: 7 4 4 4 5 6 8 10
Case #303: 6 4 4 5 6 7 15
Case #304: 9 2 3 4 4 4 4 5 7 8
Case #305: -1
Case #306: 9 2 4 4 4 4 4 4 6 9
Case #307: 6 5 5 5 6 8 12
Case #308: 8 3 3 4 4 5 6 6 10
Case #309: 7 3 3 5 6 6 6 12
Case #310: -1
Case #311: 22 1 1 1 1 1 1 1 1 1 1 1 1 1 1 1 1 1 1 1 1 1 20
Case #312: 4 5 5 10 21
Case #313: 10 3 3 3 3 3 4 4 4 5 9
Case #314: 8 2 3 4 4 4 5 8 11
Case #315: 8 3 3 4 4 6 6 6 9
Case #316: -1
Case #317: 7 1 1 1 1 3 7 27
Case #318: 7 3 5 5 6 6 7 9
Case #319: 9 2 3 4 4 5 5 5 5 8
Case #320: -1
Case #321: 5 6 7 7 9 12
Case #322: 7 5 5 5 5 6 6 9
Case #323: 5 3 3 3 5 27
Case #324: 9 3 3 4 4 4 5 6 6 6
Case #325: -1
Case #326: -1
Case #327: 6 5 5 5 5 5 16
Case #328: 3 7 12 22
Case #329: 9 3 3 3 4 4 4 5 6 9
Case #330: 6 3 3 5 9 9 12
Case #331: 4 6 7 10 18
Case #332: 10 3 3 3 3 3 3 3 3 7 10
Case #333: -1
Case #334: 8 3 5 5 5 5 6 6 6
Case #335: 8 3 4 5 5 6 6 6 6
Case #336: -1
Case #337: 9 3 4 4 4 4 4 4 4 10
Case #338: 3 4 9 28
Case #339: 7 3 3 4 7 7 7 10
Case #340: 5 3 6 7 7 18
Case #341: 4 6 6 10 19
Case #342: -1
Case #343: 5 6 7 9 9 10
Case #344: 7 3 3 4 7 7 8 9
Case #345: 5 4 4 6 7 20
Case #346: 9 1 1 1 1 1 1 3 5 27
Case #347: 6 1 3 3 5 10 19
Case #348: 11 1 4 4 4 4 4 4 4 4 4 4
Case #349: 14 1 1 1 1 1 1 1 1 1 1 1 1 2 27
Case #350: 4 2 7 16 16
Case #351: 7 1 1 1 1 1 2 34
Case #352: -1
Case #353: -1
Case #354: 5 6 6 6 9 14
Case #355: 6 4 5 5 7 8 12
Case #356: 7 4 4 6 6 6 6 9
Case #357: 8 1 1 3 3 3 3 9 18
Case #358: -1
Case #359: 5 6 8 8 8 11
Case #360: 5 4 4 6 6 21
Case #361: 7 2 4 4 4 7 9 11
Case #362: 6 1 1 1 2 17 19
Case #363: 5 6 6 6 8 15
Case #364: 6 4 4 5 6 8 14
Case #365: 8 3 3 4 4 4 6 7 10
Case #366: 7 3 4 4 5 5 8 12
Case #367: 5 5 5 8 8 15
Case #368: 27 1 1 1 1 1 1 1 1 1 1 1 1 1 1 1 1 1 1 1 1 1 1 1 1 1 1 15
Case #369: 5 6 6 8 9 12
Case #370: 5 2 5 5 14 15
Case #371: -1
Case #372: 4 5 7 9 20
Case #373: -1
Case #374: 6 2 4 5 5 12 13
Case #375: 6 3 3 5 7 11 12
Case #376: 7 5 5 5 6 6 6 8
Case #377: 7 2 4 4 4 6 10 11
Case #378: 7 4 5 6 6 6 7 7
Case #379: 10 3 3 3 3 3 3 5 6 6 6
Case #380: -1
Case #381: 7 1 1 1 1 1 17 19
Case #382: 6 3 5 5 7 9 12
Case #383: 4 5 6 6 24
Case #384: 7 1 1 1 1 1 1 35
Case #385: 7 4 4 4 6 6 7 10
Case #386: 4 3 3 8 27
Case #387: 6 1 3 3 10 11 13
Case #388: 7 1 4 4 8 8 8 8
Case #389: 10 1 1 1 1 1 1 1 1 4 29
Case #390: 25 1 1 1 1 1 1 1 1 1 1 1 1 1 1 1 1 1 1 1 1 1 1 1 7 11
Case #391: 6 1 2 7 7 8 16
Case #392: -1
Case #393: 6 5 5 7 8 8 8
Case #394: 7 5 5 5 5 5 8 8
Case #395: -1
Case #396: -1
Case #397: -1
Case #398: 4 8 9 10 14
Case #399: 6 1 2 7 10 10 11
Case #400: 5 3 3 3 7 25
Case #401: 4 7 9 10 15
Case #402: 5 2 7 7 9 16
Case #403: 5 4 5 7 10 15
Case #404: -1
Case #405: 6 3 4 6 6 7 15
Case #406: 6 5 5 6 6 8 11
Case #407: 5 3 6 9 11 12
Case #408: -1
Case #409: 8 4 4 4 4 5 6 6 8
Case #410: 11 1 1 1 1 1 1 1 1 1 3 29
Case #411: 4 7 8 11 15
Case #412: 5 5 7 9 10 10
Case #413: 5 3 6 6 6 20
Case #414: -1
Case #415: 9 3 3 3 3 5 6 6 6 6
Case #416: 5 1 2 7 10 21
Case #417: 7 4 4 4 4 5 6 14
Case #418: 4 7 10 10 14
Case #419: 4 3 5 6 27
Case #420: 3 1 3 37
Case #421: -1
Case #422: 9 1 1 1 1 1 1 1 4 30
Case #423: 8 3 4 4 4 4 4 6 12
Case #424: 6 2 3 5 7 11 13
Case #425: 7 3 4 6 6 6 6 10
Case #426: 5 3 5 5 8 20
Case #427: 6 4 4 4 6 9 14
Case #428: 4 5 10 12 14
Case #429: 4 3 5 7 26
Case #430: 7 1 1 1 5 7 7 19
Case #431: 23 1 1 1 1 1 1 1 1 1 1 1 1 1 1 1 1 1 1 1 1 1 3 17
Case #432: 24 1 1 1 1 1 1 1 1 1 1 1 1 1 1 1 1 1 1 1 1 1 1 1 18
Case #433: 6 4 4 6 6 10 11
Case #434: 4 5 10 11 15
Case #435: 5 5 5 6 10 15
Case #436: 4 4 6 10 21
Case #437: 3 6 16 19
Case #438: 5 1 4 4 9 23
Case #439: 7 3 5 5 5 5 6 12
Case #440: 5 2 3 6 9 21
Case #441: 5 5 6 9 10 11
Case #442: 5 3 4 7 8 19
Case #443: 19 1 1 1 1 1 1 1 1 1 1 1 1 1 1 1 1 1 2 22
Case #444: -1
Case #445: 6 3 3 7 7 10 11
Case #446: -1
Case #447: 7 4 4 4 5 8 8 8
Case #448: 6 4 6 6 6 8 11
Case #449: 6 4 4 6 6 6 15
Case #450: 5 2 3 8 11 17
Case #451: 6 4 5 5 9 9 9
Case #452: 5 5 5 6 12 13
Case #453: 9 3 3 3 3 3 5 6 6 9
Case #454: 7 4 4 5 5 6 7 10
Case #455: 6 3 6 6 7 9 10
Case #456: 6 3 3 5 7 10 13
Case #457: -1
Case #458: 9 4 4 4 4 4 4 4 5 8
Case #459: -1
Case #460: 4 3 6 16 16
Case #461: 5 8 8 8 8 9
Case #462: 7 4 4 5 6 6 6 10
Case #463: 7 1 1 1 1 2 9 26
Case #464: 21 1 1 1 1 1 1 1 1 1 1 1 1 1 1 1 1 1 1 1 5 17
Case #465: 5 6 6 6 10 13
Case #466: 7 3 4 4 5 5 10 10
Case #467: 8 3 3 3 5 5 5 7 10
Case #468: 5 1 1 11 14 14
Case #469: 3 6 14 21
Case #470: 7 3 4 4 6 6 9 9
Case #471: 7 4 4 4 6 7 8 8
Case #472: 7 3 3 3 5 6 10 11
Case #473: 13 1 1 1 1 1 1 1 1 1 1 1 4 26
Case #474: 5 4 4 7 9 17
Case #475: 34 1 1 1 1 1 1 1 1 1 1 1 1 1 1 1 1 1 1 1 1 1 1 1 1 1 1 1 1 1 1 1 1 1 8
Case #476: 3 6 10 25
Case #477: 3 1 10 30
Case #478: 5 3 7 8 9 14
Case #479: 5 1 5 10 10 15
Case #480: -1
Case #481: 7 4 4 4 4 5 5 15
Case #482: -1
Case #483: -1
Case #484: 5 3 8 9 9 12
Case #485: 3 3 16 22
Case #486: 5 1 4 5 12 19
Case #487: 6 3 5 5 5 7 16
Case #488: 4 3 5 9 24
Case #489: 6 4 5 6 7 7 12
Case #490: 7 3 4 4 4 7 7 12
Case #491: 5 5 5 6 9 16
Case #492: 6 4 5 5 5 6 16
Case #493: 7 3 3 5 6 6 9 9
Case #494: 7 3 3 5 5 5 8 12
Case #495: 4 4 6 9 22
Case #496: 9 3 3 3 4 4 5 5 5 9
Case #497: 7 2 3 4 8 8 8 8
Case #498: 7 5 5 6 6 6 6 7
Case #499: 5 5 5 5 10 16
Case #500: 39 1 1 1 1 1 1 1 1 1 1 1 1 1 1 1 1 1 1 1 1 1 1 1 1 1 1 1 1 1 1 1 1 1 1 1 1 1 1 3
Case #501: 4 5 5 7 24
Case #502: 16 1 1 1 1 1 1 1 1 1 1 1 1 1 1 5 22
Case #503: -1
Case #504: 4 4 4 13 20
Case #505: 37 1 1 1 1 1 1 1 1 1 1 1 1 1 1 1 1 1 1 1 1 1 1 1 1 1 1 1 1 1 1 1 1 1 1 1 1 5
Case #506: 8 3 4 4 4 4 6 6 10
Case #507: 5 3 3 4 13 18
Case #508: -1
Case #509: -1
Case #510: 6 6 6 6 7 8 8
Case #511: 6 1 4 4 5 13 14
Case #512: 6 1 1 1 1 2 35
Case #513: 7 3 4 5 5 6 6 12
Case #514: 6 4 5 6 6 8 12
Case #515: 4 2 7 8 24
Case #516: 6 4 4 6 6 9 12
Case #517: 5 2 4 8 11 16
Case #518: -1
Case #519: 9 1 1 1 1 1 1 1 3 31
Case #520: 6 2 3 3 6 11 16
Case #521: 6 3 3 7 9 9 10
Case #522: 6 6 6 6 6 7 10
Case #523: 8 4 4 4 4 4 5 8 8
Case #524: 8 4 4 4 4 4 4 8 9
Case #525: 18 1 1 1 1 1 1 1 1 1 1 1 1 1 1 1 1 2 23
Case #526: 5 4 4 9 11 13
Case #527: 5 4 5 5 9 18
Case #528: -1
Case #529: 7 3 3 4 4 9 9 9
Case #530: -1
Case #531: 6 5 5 6 6 6 13
Case #532: 4 4 8 8 21
Case #533: 9 3 3 4 4 4 4 4 5 10
Case #534: 7 3 4 4 6 6 6 12
Case #535: 7 4 4 4 4 5 8 12
Case #536: -1
Case #537: -1
Case #538: 4 5 7 11 18
Case #539: 6 3 5 7 7 9 10
Case #540: -1
Case #541: 5 2 3 5 8 23
Case #542: 8 1 1 1 1 1 1 2 33
Case #543: 5 6 6 7 9 13
Case #544: 3 12 14 15
Case #545: 4 6 8 8 19
Case #546: 4 4 10 11 16
Case #547: 6 4 4 4 6 11 12
Case #548: 8 3 3 3 3 5 7 7 10
Case #549: 3 10 11 20
Case #550: 4 8 8 10 15
Case #551: -1
Case #552: 4 2 5 12 22
Case #553: 7 4 4 4 5 6 6 12
Case #554: 7 3 3 5 5 5 6 14
Case #555: 5 1 1 1 2 36
Case #556: 8 3 3 4 5 5 6 6 9
Case #557: 7 1 3 3 3 3 3 25
Case #558: 4 8 10 11 12
Case #559: 5 4 4 4 11 18
Case #560: 3 6 11 24
Case #561: -1
Case #562: -1
Case #563: -1
Case #564: 8 3 3 3 3 5 5 9 10
Case #565: 4 3 8 9 21
Case #566: 5 1 10 10 10 10
Case #567: 5 4 5 7 7 18
Case #568: 6 4 4 4 8 9 12
Case #569: 5 3 5 6 13 14
Case #570: -1
Case #571: 6 4 4 6 9 9 9
Case #572: 5 1 2 5 16 17
Case #573: 8 3 3 4 4 5 5 7 10
Case #574: 5 3 4 11 11 12
Case #575: 5 4 4 4 12 17
Case #576: 41 1 1 1 1 1 1 1 1 1 1 1 1 1 1 1 1 1 1 1 1 1 1 1 1 1 1 1 1 1 1 1 1 1 1 1 1 1 1 1 1 1
Case #577: 6 3 5 7 7 7 12
Case #578: 6 3 3 6 6 11 12
Case #579: 7 3 4 6 6 6 7 9
Case #580: 6 3 4 4 5 8 17
Case #581: 5 4 5 6 10 16
Case #582: 4 3 7 12 19
Case #583: 23 1 1 1 1 1 1 1 1 1 1 1 1 1 1 1 1 1 1 1 1 1 7 13
Case #584: 7 4 5 5 6 6 7 8
Case #585: 4 2 6 16 17
Case #586: 6 1 4 5 5 10 16
Case #587: 6 3 4 4 6 9 15
Case #588: 13 1 1 1 1 1 1 1 1 1 1 7 11 13
Case #589: 6 1 1 1 3 11 24
Case #590: -1
Case #591: 4 3 4 12 22
Case #592: 4 3 3 3 32
Case #593: -1
Case #594: 8 4 4 4 5 5 5 5 9
Case #595: 5 4 4 4 8 21
Case #596: -1
Case #597: 3 10 13 18
Case #598: -1
Case #599: 16 1 1 1 1 1 1 1 1 1 1 1 1 1 1 6 21
Case #600: -1
Case #601: 5 6 7 8 10 10
Case #602: 8 2 4 4 5 5 5 8 8
Case #603: 6 5 5 6 7 9 9
Case #604: 4 4 11 12 14
Case #605: 7 3 3 4 5 5 9 12
Case #606: 10 1 1 1 1 1 1 1 1 3 30
Case #607: 6 4 4 5 7 7 14
Case #608: 4 3 6 10 22
Case #609: 6 2 3 6 9 10 11
Case #610: 4 4 4 6 27
Case #611: 5 3 5 7 8 18
Case #612: 4 7 8 12 14
Case #613: 5 3 4 6 13 15
Case #614: -1
Case #615: 3 2 7 32
Case #616: 10 1 1 1 1 1 1 1 1 2 31
Case #617: 4 2 5 7 27
Case #618: -1
Case #619: 6 2 3 4 8 11 13
Case #620: -1
Case #621: -1
Case #622: 8 4 4 4 4 4 4 5 12
Case #623: 8 4 4 5 5 5 6 6 6
Case #624: 4 2 6 12 21
Case #625: 7 4 4 5 6 6 7 9
Case #626: 6 4 5 8 8 8 8
Case #627: 6 2 3 5 5 11 15
Case #628: 15 1 1 1 1 1 1 1 1 1 1 1 1 1 2 26
Case #629: -1
Case #630: 4 6 6 11 18
Case #631: 6 4 4 8 8 8 9
Case #632: 3 10 10 21
Case #633: -1
Case #634: 7 4 5 5 5 6 6 10
Case #635: 6 5 6 7 7 8 8
Case #636: 7 3 4 5 5 6 9 9
Case #637: 7 5 6 6 6 6 6 6
Case #638: 8 3 4 4 4 4 5 7 10
Case #639: 5 3 6 7 12 13
Case #640: -1
Case #641: 8 1 3 3 5 5 7 7 10
Case #642: 4 4 7 10 20
Case #643: 6 4 6 6 8 8 9
Case #644: 27 1 1 1 1 1 1 1 1 1 1 1 1 1 1 1 1 1 1 1 1 1 1 1 1 1 5 11
Case #645: 4 5 6 8 22
Case #646: 4 4 5 11 21
Case #647: 5 5 5 6 11 14
Case #648: 4 1 1 3 36
Case #649: 32 1 1 1 1 1 1 1 1 1 1 1 1 1 1 1 1 1 1 1 1 1 1 1 1 1 1 1 1 1 1 1 10
Case #650: 4 5 8 8 20
Case #651: 6 1 4 4 4 8 20
Case #652: -1
Case #653: 6 3 5 5 5 11 12
Case #654: -1
Case #655: 6 3 5 6 9 9 9
Case #656: 25 1 1 1 1 1 1 1 1 1 1 1 1 1 1 1 1 1 1 1 1 1 1 1 3 15
Case #657: 4 2 8 10 21
Case #658: 4 5 9 12 15
Case #659: -1
Case #660: 3 11 12 18
Case #661: 5 6 6 9 10 10
Case #662: 4 6 10 10 15
Case #663: 6 4 4 5 6 6 16
Case #664: -1
Case #665: 5 4 6 7 9 15
Case #666: -1
Case #667: -1
Case #668: -1
Case #669: 5 5 6 8 8 14
Case #670: 6 3 4 4 7 10 13
Case #671: 5 3 4 8 8 18
Case #672: 2 20 21
Case #673: 15 1 1 1 1 1 1 1 1 1 1 1 1 1 3 25
Case #674: 6 3 3 6 6 10 13
Case #675: 5 4 4 6 9 18
Case #676: 6 3 6 6 6 9 11
Case #677: 8 4 4 4 4 5 5 6 9
Case #678: 4 4 8 9 20
Case #679: 6 4 6 6 7 8 10
Case #680: 6 4 6 6 6 7 12
Case #681: 6 2 4 4 7 8 16
Case #682: 5 1 3 6 9 22
Case #683: -1
Case #684: -1
Case #685: 7 2 3 4 4 4 8 16
Case #686: 4 3 5 15 18
Case #687: 6 4 5 5 8 8 11
Case #688: 5 3 3 6 7 22
Case #689: 5 1 3 7 8 22
Case #690: 6 4 4 4 4 5 20
Case #691: 33 1 1 1 1 1 1 1 1 1 1 1 1 1 1 1 1 1 1 1 1 1 1 1 1 1 1 1 1 1 1 1 1 9
Case #692: 4 1 1 1 38
Case #693: 6 2 3 4 7 8 17
Case #694: 6 4 4 6 7 8 12
Case #695: -1
Case #696: 6 1 1 2 5 16 16
Case #697: 16 1 1 1 1 1 1 1 1 1 1 1 1 1 1 2 25
Case #698: 5 4 4 5 9 19
Case #699: 8 4 4 4 5 6 6 6 6
Case #700: 6 4 6 6 7 9 9
Case #701: 7 4 4 4 4 6 7 12
Case #702: 4 3 4 10 24
Case #703: 5 3 5 5 10 18
Case #704: 17 1 1 1 1 1 1 1 1 1 1 1 1 1 1 1 4 22
Case #705: 3 8 12 21
Case #706: 7 3 4 4 4 5 8 13
Case #707: 6 4 4 5 6 9 13
Case #708: 6 3 3 6 6 9 14
Case #709: 6 4 4 4 7 9 13
Case #710: 6 5 6 6 6 8 10
Case #711: 8 1 1 1 1 1 1 3 32
Case #712: 5 4 4 7 10 16
Case #713: 6 4 6 7 8 8 8
Case #714: 6 1 1 1 1 1 36
Case #715: 6 6 6 6 6 8 9
Case #716: 7 3 4 4 6 7 7 10
Case #717: 6 3 3 3 5 10 17
Case #718: 7 3 4 4 7 7 8 8
Case #719: -1
Case #720: 9 3 4 4 4 4 4 5 5 8
Case #721: 6 3 5 6 6 7 14
Case #722: 8 3 4 4 6 6 6 6 6
Case #723: 8 4 4 4 4 4 5 7 9
Case #724: -1
Case #725: -1
Case #726: 6 5 6 6 6 6 12
Case #727: 4 5 10 10 16
Case #728: -1
Case #729: 8 2 4 4 4 4 7 7 9
Case #730: 5 5 9 9 9 9
Case #731: -1
Case #732: 4 5 9 9 18
Case #733: 5 5 8 8 10 10
Case #734: 13 1 1 1 1 1 1 1 1 1 1 3 7 21
Case #735: 6 2 3 5 5 5 21
Case #736: 7 4 4 6 6 6 7 8
Case #737: 8 1 1 1 1 1 1 1 34
Case #738: 6 4 4 4 5 8 16
Case #739: 5 3 3 6 12 17
Case #740: 8 1 1 3 3 5 5 10 13
Case #741: 5 4 4 6 10 17
Case #742: 6 1 1 1 1 3 34
Case #743: 4 8 9 12 12
Case #744: 8 1 1 3 7 7 7 7 8
Case #745: -1
Case #746: 6 3 6 6 7 7 12
Case #747: 4 6 7 8 20
Case #748: 7 4 4 5 6 6 8 8
Case #749: -1
Case #750: 5 4 4 7 8 18
Case #751: 6 5 5 6 6 7 12
Case #752: 4 1 11 14 15
Case #753: 4 4 9 14 14
Case #754: 8 3 4 4 5 5 5 5 10
Case #755: 6 3 4 4 5 12 13
Case #756: 4 3 7 8 23
Case #757: -1
Case #758: 6 4 5 5 6 7 14
Case #759: -1
Case #760: -1
Case #761: 6 1 8 8 8 8 8
Case #762: 5 3 3 4 5 26
Case #763: 4 6 6 9 20
Case #764: -1
Case #765: 7 3 3 4 4 5 9 13
Case #766: 2 1 40
Case #767: -1
Case #768: 7 4 5 5 5 5 5 12
Case #769: 7 4 5 5 5 6 8 8
Case #770: 4 3 8 12 18
Case #771: 6 1 2 4 4 5 25
Case #772: 6 4 4 5 5 7 16
Case #773: 9 3 3 3 3 3 3 6 7 10
Case #774: 5 4 4 5 8 20
Case #775: 5 3 4 8 9 17
Case #776: 8 2 3 4 5 5 7 7 8
Case #777: 10 2 3 4 4 4 4 4 4 4 8
Case #778: 8 1 1 1 1 1 3 16 17
Case #779: 8 3 4 4 4 4 5 5 12
Case #780: 5 3 5 6 11 16
Case #781: 9 1 1 1 1 1 1 1 1 33
Case #782: 21 1 1 1 1 1 1 1 1 1 1 1 1 1 1 1 1 1 1 1 3 19
Case #783: -1
Case #784: -1
Case #785: 8 3 3 3 3 3 8 9 9
Case #786: 4 3 5 13 20
Case #787: 8 2 3 4 4 4 8 8 8
Case #788: 6 4 4 4 7 7 15
Case #789: -1
Case #790: 5 3 8 8 11 11
Case #791: 5 5 6 9 9 12
Case #792: -1
Case #793: 4 1 2 14 24
Case #794: 5 1 4 4 8 24
Case #795: 5 4 4 7 11 15
Case #796: 6 5 6 6 6 9 9
Case #797: -1
Case #798: 5 1 3 3 7 27
Case #799: 8 1 1 1 1 1 1 4 31
Case #800: 20 1 1 1 1 1 1 1 1 1 1 1 1 1 1 1 1 1 1 2 21
Case #801: 5 1 1 1 19 19
Case #802: 4 3 5 12 21
Case #803: 8 2 4 4 5 5 5 6 10
Case #804: -1
Case #805: 5 5 8 8 8 12
Case #806: -1
Case #807: 6 3 5 5 5 5 18
Case #808: 4 1 1 7 32
Case #809: 5 6 6 9 9 11
Case #810: 6 4 5 5 6 9 12
Case #811: 5 4 5 6 11 15
Case #812: 6 3 3 4 8 11 12
Case #813: 2 2 39
Case #814: 7 1 1 1 5 5 11 17
Case #815: 5 3 6 6 9 17
Case #816: 11 1 1 1 1 1 1 1 1 1 1 31
Case #817: 6 4 4 4 4 12 13
Case #818: -1
Case #819: 5 5 5 5 8 18
Case #820: -1
Case #821: 4 3 11 11 16
Case #822: 7 3 4 5 7 7 7 8
Case #823: 6 4 4 6 6 7 14
Case #824: -1
Case #825: 4 7 7 9 18
Case #826: 5 2 4 5 5 25
Case #827: 5 6 8 8 9 10
Case #828: -1
Case #829: 5 6 6 8 8 13
Case #830: 3 8 8 25
Case #831: -1
Case #832: 7 3 4 4 4 5 9 12
Case #833: 6 1 3 5 5 9 18
Case #834: 13 1 1 1 1 1 1 1 1 1 1 1 2 28
Case #835: 7 4 4 4 6 7 7 9
Case #836: 29 1 1 1 1 1 1 1 1 1 1 1 1 1 1 1 1 1 1 1 1 1 1 1 1 1 1 1 7 7
Case #837: 5 6 6 6 11 12
Case #838: 4 3 3 10 25
Case #839: -1
Case #840: 3 8 9 24
Case #841: 5 5 7 7 10 12
Case #842: 7 3 3 3 5 9 9 9
Case #843: 7 3 3 4 5 7 7 12
Case #844: 4 1 5 17 18
Case #845: 10 1 1 1 1 1 1 1 1 1 32
Case #846: -1
Case #847: 5 3 3 6 13 16
Case #848: 19 1 1 1 1 1 1 1 1 1 1 1 1 1 1 1 1 1 4 20
Case #849: 9 3 3 4 4 4 4 5 5 9
Case #850: 6 3 3 5 5 12 13
Case #851: -1
Case #852: 6 5 5 5 6 6 14
Case #853: 5 3 3 4 12 19
Case #854: 5 4 4 8 9 16
Case #855: 4 1 4 15 21
Case #856: -1
Case #857: 5 5 6 6 6 18
Case #858: -1
Case #859: 4 2 3 16 20
Case #860: 10 1 4 4 4 4 4 4 4 4 8
Case #861: 6 2 5 7 8 8 11
Case #862: 5 5 7 8 8 13
Case #863: 3 7 10 24
Case #864: 5 2 3 3 16 17
Case #865: 7 4 4 5 5 7 7 9
Case #866: 5 2 7 8 8 16
Case #867: 7 3 5 6 6 6 6 9
Case #868: 21 1 1 1 1 1 1 1 1 1 1 1 1 1 1 1 1 1 1 1 9 13
Case #869: 4 4 4 9 24
Case #870: 6 4 4 5 5 11 12
Case #871: 28 1 1 1 1 1 1 1 1 1 1 1 1 1 1 1 1 1 1 1 1 1 1 1 1 1 1 1 14
Case #872: 25 1 1 1 1 1 1 1 1 1 1 1 1 1 1 1 1 1 1 1 1 1 1 1 5 13
Case #873: 5 6 6 7 10 12
Case #874: 8 3 3 5 5 6 6 6 7
Case #875: 7 4 4 4 5 5 7 12
Case #876: 4 1 5 16 19
Case #877: 7 3 4 5 6 6 6 11
Case #878: -1
Case #879: 6 5 5 5 5 9 12
Case #880: 7 4 4 4 4 5 9 11
Case #881: -1
Case #882: 7 4 5 6 6 6 6 8
Case #883: 5 4 6 6 12 13
Case #884: 5 1 4 7 13 16
Case #885: 26 1 1 1 1 1 1 1 1 1 1 1 1 1 1 1 1 1 1 1 1 1 1 1 1 1 16
Case #886: 7 3 4 4 4 7 8 11
Case #887: 6 1 1 4 7 8 20
Case #888: -1
Case #889: 13 1 1 1 1 1 1 1 1 1 1 1 1 29
Case #890: 6 3 4 6 7 7 14
Case #891: -1
Case #892: -1
Case #893: 4 3 5 8 25
Case #894: 8 3 4 4 4 4 4 9 9
Case #895: -1
Case #896: 31 1 1 1 1 1 1 1 1 1 1 1 1 1 1 1 1 1 1 1 1 1 1 1 1 1 1 1 1 1 1 11
Case #897: 15 1 1 1 1 1 1 1 1 1 1 1 1 1 5 23
Case #898: -1
Case #899: 15 1 1 1 1 1 1 1 1 1 1 1 1 1 1 27
Case #900: 4 6 11 12 12
Case #901: 7 2 3 7 7 7 7 8
Case #902: 36 1 1 1 1 1 1 1 1 1 1 1 1 1 1 1 1 1 1 1 1 1 1 1 1 1 1 1 1 1 1 1 1 1 1 1 6
Case #903: -1
Case #904: 3 6 15 20
Case #905: 4 10 10 10 11
Case #906: 7 3 3 3 6 6 9 11
Case #907: -1
Case #908: 6 4 4 6 8 8 11
Case #909: 4 4 5 6 26
Case #910: 6 3 4 4 7 9 14
Case #911: 6 2 3 7 8 8 13
Case #912: 5 1 4 7 8 21
Case #913: 6 4 4 6 7 9 11
Case #914: 3 9 12 20
Case #915: -1
Case #916: 6 5 5 6 6 9 10
Case #917: 6 2 4 4 9 11 11
Case #918: 40 1 1 1 1 1 1 1 1 1 1 1 1 1 1 1 1 1 1 1 1 1 1 1 1 1 1 1 1 1 1 1 1 1 1 1 1 1 1 1 2
Case #919: 7 1 1 1 1 1 3 33
Case #920: 5 3 5 8 12 13
Case #921: 4 1 3 8 29
Case #922: 8 1 1 1 1 1 3 7 26
Case #923: -1
Case #924: -1
Case #925: 6 1 1 3 8 11 17
Case #926: 7 4 4 5 5 5 6 12
Case #927: 5 2 7 7 10 15
Case #928: 5 4 5 7 9 16
Case #929: 6 3 5 5 6 6 16
Case #930: -1
Case #931: 5 5 6 8 10 12
Case #932: 5 6 6 8 10 11
Case #933: -1
Case #934: -1
Case #935: -1
Case #936: 4 2 4 10 25
Case #937: 11 1 1 1 1 1 1 1 1 1 5 27
Case #938: 5 4 6 7 8 16
Case #939: 6 1 1 3 3 10 23
Case #940: 7 2 3 5 5 7 8 11
Case #941: 7 3 3 6 6 6 7 10
Case #942: 4 1 4 11 25
Case #943: 8 3 4 4 5 6 6 6 7
Case #944: 6 2 3 3 3 3 27
Case #945: 38 1 1 1 1 1 1 1 1 1 1 1 1 1 1 1 1 1 1 1 1 1 1 1 1 1 1 1 1 1 1 1 1 1 1 1 1 1 4
Case #946: -1
Case #947: 8 3 4 4 4 5 5 6 10
Case #948: 4 1 7 9 24
Case #949: 4 4 5 16 16
Case #950: -1
Case #951: 7 3 3 4 4 4 10 13
Case #952: 5 7 7 8 9 10
Case #953: 6 2 5 5 6 11 12
Case #954: 7 4 5 5 6 6 6 9
Case #955: 5 1 3 5 5 27
Case #956: 3 5 18 18
Case #957: 6 4 4 4 6 10 13
Case #958: 3 1 17 23
Case #959: 3 7 7 27
Case #960: 5 4 5 9 11 12
