965
123480
969
16
7560
81920
129024
67200
115
94
3696
211680
13230
18432
1134
89600
981028563
5200
9408
30
42755209
26460
327680
75
19200
27456
20736
131
272160
194241
104976
10
122877509
32768
9450
468
4032
4675
699840
967669583
1848
47520
8064
999999937
15680
360000
184320
9504
69
86016
106
65
63
786432
900
57
182250
248832
29250
121500
971866761
61740
83
7200
625433749
16800
395
34848
3510
5
1960
4788
63180
8424
54432
20160
5601
1000000000
85881
62208
3960
364500
103
1680
259200
345600
226151256
17550
14700
3371
48600
504
209952
41580
107520
994617
12672
8347
5040
8316
64800
4000
57344
201600
107
16320
21384
16200
75264
25920
141120
5016
54600
1056
32076
13680
621008
118272
88
31500
65610
22848
4539685
324000
7680
55296
30240
94770
302400
2268
240000
44928
11340
21168
640
6400
816
10080
1615
27720
189
2352
62
164640
37
294912
518400
262440
82268566
311040
5361
56160
519
10800
32805
40320
79
6075
86400
12960
954158175
89
145152
320
314928
32
51030
1008
70
52920
23232
2
58800
28512
7785
983900459
90720
244944
15552
90
291600
14400
3456
362880
22
128
69120
105840
16224
9409159
42
162000
7390
110592
25002
216
22464
113
15750
108
3584
59400
9489
49500
2880
22176
1260
3509575
491520
10710
168000
230400
60480
98415
1500
45
192
7938
69984
9240
94500
10560
11016
14560
172800
8372259
1
282791
5376
322560
50
82944
279936
127
39600
17640
23760
50544
922505446
3360
153600
2016
142884
414720
28000
6300
655360
583200
5400
44550
6930
810
6037
6399199
112
108864
21383
49000
46464
13056
60
4160
536870912
999999999
57624
61966
9827
125
2000
473
35280
39936
3375
15840
486000
181440
44800
19440
24576
6720
61440
126
236250
11264
37800
84579
5073
4800
7
12768
70200
2618049
7290
476014
92
5657
1701
245760
4752
964532929
160
5767201
168960
864
2688
12800
73728
7455307
4733
48238
192000
115248
111
460800
4536
22680
5250
1249
81000
8960
170
13500
8748
42120
71805
57024
84
4943
252000
110
118
5184
98
2070
16380
52
28672
174960
998244353
15288
29400
900360029
2431
60000
68
15876
6840
50000
28800
688978813
128000
4560
2730
2560
5044
1671
27
117
768
17280
430080
84480
49392
6541551
3564
2736
91857
1741
1890
2340
281
805306368
912
4312
5808
552960
138240
949106497
2403381
31200
108000
95
193536
48384
787320
35640
12288
56700
7025
196608
155520
28
2720
22950
116
7296
8250
120
6144
32000
33401221
135000
12096
746803744
74
42105
114688
84000
43740
14112
2304
9180
700
31590
96228
4200
80949857
169344
85712697
559
30720
118800
393216
92317161
63000
49920
2640
163296
33108
43680
18816
16000
215040
99000
24192
84240
3240
12150
1440
4680
43
161280
38497
14040
94080
2430
589824
221184
29952
15
50688
8100
118263990
10752
87
112000
72900
2250
448
660
68040
1001604
10368
20480
288
4608
36864
989447237
233280
4914
56
432255
78750
21
20
641
388800
10260
49
587234
2400
71
23100
33696
24
31752
35100
2600
122880
12000
567
408240
987
1728
986129769
200000
40824
9100
24750
18720
276480
73
1048576
7389
17424
116640
19800
1000000
78000
1323
457481
80640
74088
13122
633
96
331776
4158
46
17136
52800
15400
176400
813
8015864
19008
102
157464
122
3024
18
20592
99840
96000
142560
243000
53
241920
38
3157819
5721
432000
96768
46080
322081025
24480
16524
2097152
204120
3264
81648
1904
5760
115200
4725
53760
10000
32400
99
16464
27216
36
11000
101
26880
74880
52488
202500
9900
622080
23
1001
33600
3864
2100
13824
226800
340200
524880
21504
1764
29484
301056
72
31104
307200
132300
86
14
9425
20328
131980
67893369
11232
3645
100800
472392
9600
546750
2906162
4480
97200
58
7920
300000
136080
129
45360
139968
31
172032
2940
4896
8208
20000
121
15120
79200
281250
696
13440
32670
41600
49896
65536
393660
12870
3900
34944
83160
23328
336000
85
64512
8
51
49280
54000
938017885
180000
268800
23040
25490988
11
19656
105600
110250
105
145800
59
5280
373248
9800
151200
66528
368640
8320
89100
78
47958485
589833267
28080
792
144000
4320
10500
8448
5616
31680
42000
614400
2592
13860
673921
67584
124
517759
420
47628
361
1620
257
112896
120000
1530
69888
29160
214573
442368
5600
904152917
4050
70400
24000
180
25600
54880
5940
22500
77760
186624
10240
7500
24696
52416
58054077
47
1920
35503
576
256000
288000
630
8976
7056
999999998
109
17920
92160
1836
1600
38400
63360
150528
8400
77
6750
127008
1215
47040
18240
55
1800
12544
225792
21952
30030
58320
44
91
998506315
49152
34
76800
5520
104
64680
697106497
3780
4620
23115571
95256
30973
76
217728
16128
59136
23400
33750
66
100696425
540
193
47473
32640
8624
34300
1520
45000
2200
32256
40
27000
9000
125440
957262828
198450
41472
72000
105000
646
2025
79548
93312
42336
466560
85050
26
8826131
2520
2156
2310
782
8640
3000
11085765
3
665
672
131220
57600
3072
24300
72576
300
510205
34111
1100
124416
1817
391
8772
170100
474
3600
270000
29700
961175759
194400
916855204
21870
405000
87480
29
18000
6480
6765
135
56448
102060
2707
5346
34560
75600
7040
934
34020
103680
501
64922375
70000
38880
5297
480000
2160
5304
216000
33
67
8087519
92400
35
123
80
93
33792
27184698
441
3312
48
101250
1632
3528
40950
207360
7897861
66150
1512
4488
95040
235200
14336
6
37440
18480
147456
25200
67500
17820
12348
48510
98304
4704
40960
126720
54
8550
76032
85536
5824
4
409342369
346742385
546
323
132000
5120
725573
3120
36283838
70235461
14688
63504
134400
405
70560
8000
306180
5000
4410
21600
524288
224
88704
6804
51840
3168
1386
6552
64152
7392
7776
5625
129600
1824
17
29120
42768
482421315
163840
150000
926315427
12240
4655
43200
459270
8660
97
9216
375000
25
653477439
81
349920
119
48000
1584
7128
13
4374
50400
179200
71280
1944
11664
2376
396
38016
165888
21840
362
53940
64
21000
133650
9
