960
128
44550
10800
949106497
8347
552960
33401221
16464
18816
94770
41472
7920
84
20736
301056
8624
54432
25200
5304
76800
900
934
3510
324000
21
74
5601
54600
2268
59400
8320
8372259
86
665
217728
957262828
216
9900
21840
3375
16224
1960
63180
2431
30
108864
100800
92
58320
26
8660
189
83160
85536
810
24300
4158
393216
82268566
33108
6552
3371
12348
28
71280
288
8960
25
4410
48600
546750
1615
1904
630
125
95040
17
47
6399199
179200
1632
5657
58
912
536870912
23
69888
1215
1741
7025
204120
4943
4032
5346
12288
50544
114688
938017885
24480
102060
4800
192
121
1671
13860
15680
472392
5200
17550
112000
100696425
999999998
281250
32256
71
589824
14400
364500
52488
48238
8064
128000
44928
9180
34300
92160
64680
41600
53
21870
25002
162000
13
20480
61440
322081025
27000
3600
28000
501
2304
11664
3528
24
8748
540
147456
94
395
95
110592
981028563
73
396
986129769
7776
21952
9100
1386
349920
2736
375000
1001604
5940
38400
129
103
49000
60480
7680
57024
5625
74088
999999937
969
48
473
768
112
165888
84000
118800
1440
11340
95256
24696
17820
64
576
307200
510205
109
409342369
57600
6037
47628
54000
26460
89
22176
42755209
57344
107
160
61966
49896
215040
5400
76
101250
1836
4914
20328
63
5016
270000
78750
209952
60000
23040
311040
32670
7
262440
71805
81
971866761
24192
78000
67893369
7200
105600
85881
6750
314928
17280
31590
2906162
660
8448
4312
37800
408240
641
105000
33696
119
583200
70000
132300
60
9489
46464
16800
69
99000
5616
18240
2352
302400
45000
12240
244944
700
504
22
98
59136
640
8640
42105
40320
2600
1249
142884
1134
75264
281
180
170
9216
125440
27720
37
10260
2400
132000
243000
194241
21383
994617
15288
10710
336000
105
133650
24576
151200
13230
145152
331776
153600
50400
430080
688978813
442368
72000
259200
116640
79
20
5250
699840
168960
279936
5721
567
170100
480000
3509575
31752
202500
3645
622080
4733
998506315
50000
1848
466560
43740
7560
459270
998244353
405000
388800
900360029
491520
1008
123480
15876
6840
131980
34020
127008
13440
405
8550
1048576
54
3584
68
58054077
6541551
27216
67200
186624
13122
122
33792
12096
88704
646
25920
53760
241920
115200
24000
15
31104
10500
476014
6300
2403381
31200
41580
216000
84480
211680
787320
1000000
323
56700
4320
35
161280
1944
12870
65536
116
77
12544
474
89600
200000
5361
257
91857
10080
15400
4725
9450
14112
21000
697106497
45360
79200
21384
989447237
368640
87
9240
31500
12960
7455307
524880
2940
107520
9800
2430
111
226151256
120
221184
30030
155520
12000
48384
8400
2730
4655
51
18
63360
8250
22500
5040
1824
3312
135000
6804
29700
12768
44
47473
48510
5767201
163840
76032
51840
8976
72900
23400
393660
168000
68040
40950
954158175
655360
9827
4608
36864
172800
468
85
28080
120000
236250
2156
1764
139968
172032
89100
104
17136
8
1500
300
21168
7500
131
96000
127
70235461
23328
1056
4560
42000
3240
70560
112896
21600
48000
131220
108000
4752
486000
98304
226800
20000
3
4200
110
432255
4160
5
276480
8424
47958485
633
96768
14560
70
129600
69120
2688
62208
11264
813
93
19008
51030
90720
327680
294912
46
20592
16200
9425
104976
43
70200
5376
460800
124416
122880
457481
2618049
6930
66150
67
5520
66
29484
2520
7296
7040
50688
198450
2200
9600
967669583
2640
138240
94500
72
291600
6075
10560
12672
1584
926315427
34111
519
182250
4536
10000
17640
55296
16380
916855204
69984
2720
252000
17424
13056
1
61740
42768
163296
32640
19200
4788
91
201600
3264
16000
38880
1001
792
5044
3168
864
5297
360000
10752
782
2340
517759
126
2707
33600
256000
85050
7392
97200
90
54880
3960
35640
2592
15120
9408
14040
84579
448
62
1890
38497
27456
123
101
245760
432000
3024
181440
81920
24750
52
961175759
7128
73728
2100
1000000000
180000
94080
145800
233280
268800
19656
8087519
110250
5600
82944
55
5280
4620
23100
108
10
6400
10240
35503
49500
589833267
65610
45
3360
8100
106
2376
32400
9000
46080
6765
22680
85712697
653477439
673921
26880
43680
13824
420
75
42120
15552
64152
345600
5760
80640
72576
28672
3564
113
8015864
49152
4050
70400
8316
3696
25600
9
38
22848
64512
999999999
2560
50
13680
414720
81648
129024
2880
13500
88
2016
99840
56160
40824
52416
86400
96
17920
86016
36
93312
141120
22950
150528
621008
614400
52920
373248
322560
97
625433749
77760
8000
80949857
225792
32805
587234
7290
32000
441
15750
193536
34
40960
11016
29250
16320
102
10368
57624
122877509
63504
6720
184320
4539685
16128
75600
2310
7056
300000
37440
3864
23115571
58800
7389
922505446
32768
4680
6480
83
84240
40
746803744
150000
192000
5184
4000
44800
306180
12800
14688
235200
786432
816
230400
15840
33
57
8826131
53940
157464
3900
196608
47040
25490988
23232
29160
5073
672
3072
18480
87480
346742385
1701
124
42
361
3780
240000
1817
30720
8772
33750
224
32076
64800
19800
38016
78
4675
16524
31
39936
964532929
18000
987
5808
164640
56448
805306368
7938
5000
34560
3157819
29952
1600
30973
103680
12150
56
169344
49
28512
2250
92317161
1728
29400
98415
105840
1530
32
559
11232
80
518400
35100
7390
63000
8208
18432
1260
2097152
19440
59
1920
524288
49280
29120
1680
4896
176400
14336
174960
117
3456
52800
14
65
30240
340200
134400
1520
142560
11085765
67500
126720
983900459
207360
22464
5824
16
118272
4480
79548
29
49392
282791
725573
3000
248832
64922375
11
115
7785
27
9504
115248
6
9409159
1800
11000
96228
214573
67584
3120
42336
34944
4704
66528
2160
193
81000
34848
2
99
18720
696
546
482421315
36283838
4488
144000
14700
20160
43200
7897861
28800
31680
362
904152917
118
2000
135
21504
2070
92400
136080
1100
362880
4374
4
27184698
288000
1512
5120
118263990
74880
35280
39600
194400
2025
1620
49920
391
1323
23760
