65
9706554173387903 5097740681849255 2095245244912381
19716 29416 841088842498107
10 13 11234567890
2 3 1
9334 14595 5458585253152592
9545048558841825 6899255672076999 9272818149758853
9 10 9259928947805118
5 7 4495587747091262
1 3 100
6 6 3465509398779757
314 512 133769420
1 1000000000000 1000000000000
19749 37179 1140508669256069
5 9 9152845331581750
13973 26419 3513626523439425
2 2 5384712727499747
1 1 3771679948420674
10 17 370045965243845
4 6 2271224666368145
2 2 9825445613196928
7861 11257 5477539912208008
5 1 100
7 12 6439637337963783
13988 25555 2154753727553324
1 1 1000000000000
63664 95087 9775891537969006
26597 37816 4245730305851899
9 15 5802491041437611
1000000000000 1 1000000000000
5 9 2462869142646418
6 9 497087563
3626621529746551 3995165959615617 3319701929960343
3 5 840843200459482
6396320710057362 7814230344468181 3183274048075890
6 9 2903294259185990
25878 28689 9188723367817961
8272 10247 5338458442301888
10 13 3337041873753082
59617 76399 8216425361382011
2 3 5
4 7 6988873275022466
52245 85277 3528041057867931
4 4 1760792368134037
64922 110795 4504704366599950
74036 112850 549053549625598
10 10 4042027009034951
9966606336937688 9740005473217677 583445907010364
74116 111994 1493371909130523
60280 106158 382504020903546
1 1000000000000 1
2 3 2
48878 70096 1422160026469748
314 512 1024
259149987802241 6689368820300403 3534721002568495
7 7 6977204123379581
1 1 6044898352400565
5089 7407 1785197717173513
4930 6317 3001060110844245
725831654114702 4541733210835335 2742887072719959
5 8 550103143310362
10 13 8839845532190096
4 4 4198590241362000
9 17 7379218941168776
80006 121046 2203488461171151
1000000000000 1 1
