500
100 100 3 1
452792670 1000000000 2 115192647
1000000000 100 999999999 99
100 492122489 3 2
999999999 999999999 3 97982365
100 100 2 2
100 4 99 3
100 1000000000 3 1
2 736436882 1 1
4 1000000000 1 1
100 4 1 2
100 999999999 57 187975571
4 4 3 2
201238540 100 49757290 14
999999999 1000000000 1 2
999999999 1000000000 999999998 1
1000000000 1000000000 999999999 1
1000000000 3 3 2
1000000000 100 1 99
977912389 734778827 532290378 1
999999999 100 1 2
1000000000 100 1 2
4 1000000000 1 809590669
404696558 1000000000 344580310 355699065
1000000000 999999999 3 2
945684593 999999999 725490874 3
2 1000000000 1 3
1000000000 4 3 1
4 999999999 1 999999998
3 1000000000 1 2
100 4 3 2
569981406 4 2 2
100 916630865 1 2
999999999 999999999 3 2
100 1000000000 1 1
999999999 999999999 999999998 3
2 270189690 1 1
499812538 999999999 1 1
999999999 1000000000 3 233117279
3 999999999 1 701097245
100 3 2 1
100 1000000000 3 875437474
1000000000 100 1 1
1000000000 4 1 3
999999999 1000000000 1 1
1000000000 4 998306795 2
588175668 2 2 1
3 999999999 1 999999998
100 100 2 3
1000000000 748176992 2 3
1000000000 4 999999999 3
4 345870621 1 11170728
4 1000000000 3 999999999
2 3 1 1
999999999 3 3 1
2 999999999 1 999999998
630783940 100 3 2
586838884 999999999 2 2
999999999 3 3 2
1000000000 999999999 999999999 3
1000000000 4 606716047 3
1000000000 999999999 1 2
100 999999999 1 1
4 100 3 99
999999999 4 37069733 2
3 100 1 1
100 3 2 2
4 308024713 3 2
999999999 4 2 2
999999999 999999999 999999998 999999998
4 2 2 1
100 1000000000 3 3
999999999 3 1 2
999999999 999999999 999999998 1
1000000000 999999999 999999999 999999998
204388631 3 2 2
3 999999999 1 2
1000000000 100 2 1
999999999 3 2 2
999999999 1000000000 141127510 2
4 100 1 2
1000000000 100 3 62
1000000000 999999999 2 47219043
999999999 1000000000 3 3
999999999 2 2 1
100 999999999 1 3
100 4 99 1
1000000000 634373833 687984129 3
100 4 84 3
249097053 100 3 2
100 1000000000 99 999999999
1000000000 1000000000 244626410 3
999999999 100 1 99
3 100 2 2
100 999999999 2 999999998
216458893 858261817 2 730048733
3 1000000000 2 2
704993648 595827515 1 3
100 100 3 2
713458743 999999999 1 232415301
671771882 1000000000 458242975 1
999999999 100 1 1
2 100 1 3
1000000000 352351844 795508322 1
4 999999999 3 2
3 560442205 2 3
100 1000000000 2 2
998645846 2 2 1
4 4 2 1
1000000000 1000000000 1 1
2 999999999 1 2
269564282 100 1 3
4 100 2 1
999999999 3 2 1
4 1000000000 3 2
2 611627491 1 2
1000000000 2 999999999 1
690839093 999999999 2 3
999999999 999999999 470395372 2
4 100 2 31
4 999999999 2 2
1000000000 999999999 3 3
163592637 549432548 2 110629430
587962907 2 570433024 1
400638252 4 3 2
100 4 3 3
100 100 1 2
999999999 2 3 1
3 332461468 2 3
159636198 2 132750702 1
803061495 4 3 3
100 999999999 43 2
163708539 999999999 3 3
100 1000000000 1 3
4 4 1 2
1000000000 1000000000 3 2
3 3 2 1
3 999999999 2 3
2 1000000000 1 2
1000000000 100 2 27
3 982500203 1 839934728
1000000000 100 999999999 1
1000000000 999999999 1 3
1000000000 2 2 1
100 3 98 2
2 1000000000 1 1
100 4 2 2
1000000000 1000000000 1 999999999
100 100 1 1
1000000000 100 450060632 3
100 1000000000 99 1
999999999 100 3 1
4 999999999 2 3
100 999999999 3 2
1000000000 100 3 3
1000000000 100 99694839 3
100 4 3 1
999999999 153855548 3 2
1000000000 100 3 99
3 100 2 3
3 1000000000 1 999999999
474573491 100 2 2
3 1000000000 1 859457977
1000000000 743670139 3 3
1000000000 3 999999999 2
621335426 20082604 2 3
999999999 999999999 1 2
100 100 99 3
2 999999999 1 3
999999999 100 2 11
100 100 99 99
999999999 1000000000 534911742 345724526
1000000000 4 2 2
2 4 1 3
2 100 1 2
999999999 100 2 2
207868204 1000000000 2 225202610
3 999999999 2 999999998
100 4 1 1
999999999 4 1 2
66434218 3 2 2
3 3 2 2
100 999999999 72 3
999999999 1000000000 3 1
999999999 999999999 1 1
365482087 971250614 97597 28576180
100 470997877 1 2
1000000000 100 999999999 2
999999999 1000000000 1 999999999
4 100 3 56
4 2 3 1
759115178 100 3 1
100 999999999 99 1
4 100 2 71
4 4 3 3
755742919 1000000000 2 2
100 4 99 2
406955220 100 2 1
100 4 2 3
999999999 999999999 2 2
1000000000 100 75322340 3
4 1000000000 1 999999999
1000000000 1000000000 3 1
1000000000 999999999 1 1
4 999999999 3 3
100 2 3 1
100 3 99 2
4 1000000000 2 3
4 3 2 2
900200350 242692999 164767257 3
100 999999999 1 913663288
2 999999999 1 235322552
4 4 2 3
1000000000 293794518 859896680 2
804684832 197217720 1 153175513
1000000000 4 2 3
4 999999999 1 2
3 2 2 1
475576299 79599546 62711377 1
4 3 3 2
3 999999999 1 3
999999999 100 2 99
135818523 100 127108945 1
3 1000000000 2 1
999999999 388726895 726514352 2
999999999 4 90975763 3
402854259 831040336 3 3
4 3 2 1
100 999999999 1 4861357
100 100 70 2
1000000000 999999999 1 999999998
2 1000000000 1 999999999
904027769 100 278679397 3
2 999999999 1 1
1000000000 1000000000 1 4469475
1000000000 1000000000 3 165697225
351511977 1000000000 3 1
100 4 1 3
3 2 1 1
2 2 1 1
100 999999999 2 2
1000000000 4 2 1
4 3 1 1
999999999 2 1 1
3 565428755 1 2
100 3 1 1
4 100 1 1
4 999999999 2 1
1000000000 999999999 999999999 1
3 3 1 2
1000000000 1000000000 3 3
999999999 999999999 3 3
3 402700402 2 1
1000000000 999999999 2 3
999999999 4 3 3
4 100 1 3
241065083 1000000000 1 1
1000000000 3 999999999 1
1000000000 4 1 1
100 1000000000 3 2
1000000000 1000000000 2 1
999999999 100 999999998 3
100 1000000000 99 3
999999999 734992451 64730372 1
999999999 1000000000 2 999999999
4 1000000000 1 3
100 397986566 65 2
999999999 100 3 3
4 3 1 2
100 100 1 99
245635459 1000000000 2 2
999999999 1000000000 999999998 999999999
999999999 4 1 1
999999999 1000000000 488516079 1
4 999999999 1 3
4 999999999 2 999999998
372315310 428364244 1 1
100 999999999 1 999999998
38475058 4 38289611 2
1000000000 2 1 1
100 1000000000 1 999999999
4 2 1 1
100 999999999 5 3
999999999 1000000000 2 3
100 3 1 2
779009402 100 3 3
100 2 9 1
100 616551719 3 3
3 999999999 1 1
999999999 4 999999998 2
19089712 3 3 1
999999999 100 3 99
576202195 4 1 2
100 3 99 1
992439437 2 2 1
1000000000 100 3 1
3 637320062 1 460765579
999999999 4 2 3
1000000000 84082569 375561153 2
142421367 2 48241495 1
1000000000 100 2 99
1000000000 4 1 2
100 1000000000 2 1
702326696 999999999 3 1
999999999 999999999 3 1
999999999 1000000000 2 2
1000000000 999999999 2 2
999999999 1000000000 3 999999999
999999999 4 999999998 3
3 1000000000 2 3
1000000000 4 999999999 1
100 999999999 3 607160337
4 100 3 2
999999999 234259462 1 104118482
100 100 2 99
999999999 999999999 2 3
999999999 1000000000 999999998 3
100 999999999 2 1
3 1000000000 2 999999999
100 999999999 2 3
4 1000000000 2 2
4 1000000000 2 999999999
2 590064564 1 410727603
100 1000000000 2 999999999
3 4 1 2
160776118 100 1 1
4 1000000000 3 3
1000000000 3 198570665 2
843094006 3 3 1
900930753 3 3 1
1000000000 100 968047634 19
1000000000 4 999999999 2
4 100 3 1
1000000000 100 2 3
999999999 999999999 3 999999998
3 1000000000 1 197472206
999999999 1000000000 2 724564983
1000000000 1000000000 999999999 2
3 100 2 1
4 4 1 3
632902334 4 3 3
3 999999999 2 217585714
1000000000 1000000000 999999999 3
1000000000 999999999 3 1
1000000000 3 1 1
3 929445484 2 1
3 1000000000 1 3
1000000000 1000000000 301408972 2
1000000000 1000000000 1 3
4 292678792 1 2
999999999 100 1 3
1000000000 1000000000 2 2
3 4 2 3
3 190048202 1 3
2 4 1 2
999999999 3 999999998 2
3 1000000000 1 638408569
999999999 3 768481208 2
688697997 456509775 2 1
999999999 3 132294377 2
4 100 2 99
100 2 99 1
100 100 3 48
999999999 1000000000 2 1
999999999 100 2 1
100 999999999 3 3
3 100 1 2
999999999 999999999 1 999999998
100 100 3 99
100 1000000000 3 999999999
999999999 3 1 1
515006471 3 3 2
1000000000 3 2 2
1000000000 4 3 2
100 3 3 2
2 3 1 2
4 625855660 3 1
100 100 99 2
100 100 1 3
999999999 2 999999998 1
100 2 2 1
2 100 1 99
999999999 999999999 2 999999998
4 100 2 3
999999999 1000000000 3 780175482
3 3 1 1
999999999 100 361399062 76
1000000000 100 1 3
999999999 100 3 2
4 999999999 1 1
999999999 4 3 2
4 1000000000 2 1
3 4 1 3
100 1000000000 2 3
3 100 2 99
100 999999999 3 999999998
4 4 1 1
999999999 4 3 1
4 4 2 2
3 1000000000 1 1
100 380837481 37 96807255
999999999 4 2 1
377173489 999999999 3 1
3 4 1 1
4 999999999 3 1
699118378 100 371255050 53
1000000000 3 3 1
100 999999999 3 1
1000000000 3 1 2
999999999 100 999999998 2
606735969 100 574575067 9
100 999999999 99 999999998
100 100 3 3
1000000000 999999999 999999999 2
999999999 999999999 3 361042743
100 1000000000 14 1
3 100 1 3
999999999 489345280 108542079 3
1000000000 2 3 1
2 251894516 1 3
1000000000 4 3 3
57695794 1000000000 17394064 1
3 525092475 2 3
4 100 2 91
275678673 999999999 1 1
3 100 1 99
4 100 1 99
1000000000 1000000000 999999999 999999999
809198703 3 2 1
1000000000 1000000000 2 999999999
999999999 100 999999998 99
2 100 1 1
4 142306207 2 3
1000000000 999999999 3 999999998
1000000000 916764387 127932786 3
1000000000 723284552 647366837 1
4 100 2 2
3 999999999 2 478452455
4 999999999 3 999999998
100 999999999 99 2
427727826 1000000000 3 1
999999999 100 2 3
3 999999999 2 2
100 3 3 1
4 100 3 3
100 4 2 1
999999999 100 999999998 1
3 999999999 2 930212147
999999999 4 999999998 1
946260157 2 1 1
3 999999999 2 1
1000000000 1000000000 1 2
1000000000 3 2 1
70829133 100 3 26
4 314723735 2 2
990898699 2 1 1
588778144 302958057 3 3
999999999 396025382 2 2
100 1000000000 1 2
100 1000000000 99 2
914040527 100 1 2
1000000000 999999999 2 999999998
543383962 764857696 2 41522173
2 4 1 1
999999999 4 627313199 3
999999999 3 999999998 1
999999999 999999999 999999998 2
4 1000000000 1 2
543390985 2 25843304 1
4 4 3 1
4 783105139 2 2
999999999 1000000000 999999998 2
100 100 99 1
1000000000 100 2 2
999999999 999999999 2 1
999999999 999999999 1 3
1000000000 2 592728920 1
100 999999999 1 2
100 100 2 1
3 4 2 1
1000000000 889034323 2 585497466
1000000000 1000000000 432922762 516684653
1000000000 999999999 2 1
1000000000 1000000000 2 3
1000000000 100 3 2
1000000000 999999999 90055928 1
1000000000 1000000000 990110168 2
4 3 3 1
3 387806766 2 3
100 999999999 99 3
4 1000000000 3 1
2 999999999 1 354427649
100 2 1 1
1000000000 100 999999999 3
3 100 1 64
999999999 1000000000 3 2
3 4 2 2
999999999 1000000000 1 3
1000000000 1000000000 3 999999999
999999999 4 1 3
